18 32 1 22916 103 0
46.037275
24.751650
21.489872
25.195391
22.649412
1.004095
34.508922
31.425787
40.767945
48.929861
18.162868
25.141754
1.458851
21.265712
21.419315
31.597558
22.016036
25.396445
0 7 48.679046
0 2 23.189348
1 17 30.540530
1 7 6.953213
2 16 25.514068
2 14 3.695404
2 10 31.183609
2 9 40.950219
3 16 24.928070
3 8 3.677577
4 9 45.025419
4 7 8.366853
5 17 19.587277
5 10 34.453999
5 9 41.423262
5 6 16.403036
6 13 14.088493
7 16 23.319098
7 15 1.563990
7 13 44.107521
7 12 38.594782
8 17 43.276627
9 16 47.535604
11 17 22.451872
11 16 47.826478
11 12 31.900666
12 13 20.574972
13 17 6.040184
13 16 0.093224
13 15 31.168840
15 17 46.964217
15 16 31.618794
