16 27 1 23225 1222 0
2.873866
26.561485
48.902762
32.271042
47.966953
46.879785
43.161837
7.861060
2.863538
44.864786
19.742892
17.001502
16.971742
0.397821
24.667111
45.045633
0 6 17.106556
0 4 36.041104
0 2 34.414712
1 13 48.526043
1 11 7.541952
3 12 12.191631
3 10 30.337639
3 6 26.171014
3 5 43.085828
4 15 15.482547
4 12 21.953561
4 7 48.913841
4 6 3.509170
5 11 41.818601
5 10 19.054554
5 9 15.526545
6 14 35.648053
6 12 8.573124
6 11 5.165197
7 14 43.501052
8 15 26.768861
8 14 22.706581
8 12 22.217026
10 15 40.318006
10 13 23.951371
10 12 6.355634
11 12 14.444937
