18 32 1 34733 904 0
28.065248
39.664928
3.778757
9.123755
45.254255
0.708449
37.306610
49.224808
10.641753
47.691543
14.896395
38.409726
33.085071
27.127689
17.796361
3.018218
21.423362
18.471838
0 7 5.268169
0 2 45.407930
1 17 21.075937
1 7 30.242300
2 16 2.336827
2 14 19.977743
2 10 29.329537
2 9 0.191212
3 16 7.166746
3 8 33.816743
4 9 44.670275
4 7 42.164898
5 17 32.868222
5 10 36.694359
5 9 28.268188
5 6 19.136422
6 13 38.461445
7 16 24.048166
7 15 24.941314
7 13 33.250362
7 12 41.619519
8 17 37.804424
9 16 1.271097
11 17 4.057350
11 16 33.441103
11 12 2.911199
12 13 32.332588
13 17 37.678048
13 16 20.326067
13 15 15.865394
15 17 32.490128
15 16 32.130612
