18 32 1 20428 85 0
31.151367
32.934707
46.260191
25.765206
28.636542
25.998888
46.748391
0.998577
44.791209
41.254897
22.693780
45.535727
35.346780
22.320830
34.966206
45.229865
13.731221
26.889557
0 7 42.014018
0 2 49.122026
1 17 43.837245
1 7 13.312383
2 16 17.851091
2 14 33.621748
2 10 0.107165
2 9 42.950428
3 16 40.538320
3 8 22.366244
4 9 22.585547
4 7 28.541609
5 17 12.693180
5 10 17.600156
5 9 9.118254
5 6 24.548943
6 13 32.979125
7 16 41.294219
7 15 49.236223
7 13 28.119395
7 12 47.512146
8 17 27.103034
9 16 26.514257
11 17 43.986668
11 16 41.640432
11 12 4.339289
12 13 33.510365
13 17 9.505305
13 16 46.769287
13 15 43.862930
15 17 8.436838
15 16 7.019814
