16 27 1 27975 58 0
21.734641
37.804913
40.751768
49.276111
33.093102
47.304339
2.712520
23.748630
36.872173
17.892311
45.234117
44.614399
48.075345
30.762570
5.583939
47.982510
0 6 4.917881
0 4 45.889914
0 2 4.435512
1 13 3.652036
1 11 34.465857
3 12 34.404296
3 10 5.245144
3 6 13.779600
3 5 16.659608
4 15 26.255897
4 12 1.835708
4 7 23.501339
4 6 46.860728
5 11 33.322280
5 10 49.498025
5 9 42.918583
6 14 12.203882
6 12 38.487382
6 11 32.399268
7 14 22.238953
8 15 18.232703
8 14 16.969948
8 12 35.497944
10 15 0.457633
10 13 35.280916
10 12 1.910261
11 12 5.681947
