19 44 1 26071 227 0
7.351292
4.505342
44.284531
35.215998
45.053183
42.220673
6.569994
29.362780
1.554010
36.547392
21.209272
44.121858
38.427624
12.458078
3.197656
48.516903
12.267999
31.450200
35.413829
0 14 25.394129
0 12 39.608746
0 6 18.338648
0 3 49.855019
0 2 11.464961
1 18 8.130809
1 17 36.176825
1 7 48.495889
1 6 7.689334
1 5 27.962817
2 18 42.270573
2 16 8.261386
2 13 2.937833
2 10 39.590087
3 18 32.987463
3 14 36.868565
3 13 19.297225
3 9 33.933070
3 6 46.300183
4 18 14.042118
4 10 12.613622
4 7 11.976502
5 18 34.809078
5 12 20.183270
5 10 1.188954
6 17 29.550525
6 15 12.656295
6 13 29.851957
6 10 8.531375
7 18 17.048863
7 9 40.482332
7 8 49.900429
8 17 30.394739
8 15 47.415430
9 18 17.621588
9 11 34.460065
10 16 33.630476
11 18 29.025657
13 16 6.908959
14 18 10.937965
14 16 47.355013
14 15 1.557439
15 18 28.300402
17 18 25.605435
