15 34 1 32142 44 0
18.735730
34.271454
5.643439
48.097383
4.437143
34.365856
43.676321
18.447380
32.137888
41.116581
14.970572
25.062031
2.943904
21.161552
20.299396
0 10 26.942223
0 9 1.945354
0 8 43.608239
0 4 24.896091
1 10 15.937492
1 9 32.546738
1 8 1.627190
1 5 39.252079
1 4 22.519805
1 3 26.352725
2 14 27.960677
2 12 14.293509
2 9 42.856469
2 7 11.378629
3 9 8.353994
3 6 38.217896
3 5 17.080050
4 13 37.013880
4 11 46.109295
4 10 1.742293
4 6 45.057783
5 8 5.546223
5 7 38.073106
6 9 17.394259
7 14 18.321836
7 12 31.210100
7 10 4.465564
8 12 42.690570
8 9 0.913699
9 13 15.240532
9 11 36.609381
10 11 44.563912
12 14 43.621678
13 14 14.377721
