16 27 1 24562 400 0
47.444519
1.883229
4.974823
15.129947
12.071649
19.980062
40.663882
48.742987
26.597949
8.903061
17.448317
21.787365
9.671038
19.004358
4.653466
8.904716
0 6 19.305635
0 4 38.823013
0 2 32.002638
1 13 48.939602
1 11 44.281194
3 12 13.800864
3 10 2.046579
3 6 44.255161
3 5 38.111544
4 15 14.621045
4 12 19.210046
4 7 48.926180
4 6 14.187988
5 11 17.595359
5 10 35.378855
5 9 32.763742
6 14 23.322086
6 12 28.770346
6 11 10.872293
7 14 30.865114
8 15 25.022657
8 14 1.455789
8 12 30.894294
10 15 26.560335
10 13 44.940933
10 12 19.189032
11 12 46.466307
