17 35 1 30930 258 0
48.488752
19.389714
17.344809
32.024529
45.447018
46.864450
24.914425
22.387638
47.542961
16.586187
44.870300
14.525100
15.457256
9.137920
17.693824
14.030007
13.035950
0 13 14.488989
0 11 33.781457
0 6 20.262766
0 3 1.911217
0 2 46.812061
1 3 20.593709
1 2 7.809076
2 16 13.807012
2 12 5.634591
2 4 22.645808
3 15 20.745966
3 13 0.042002
3 11 39.903746
3 7 2.789408
3 4 32.260926
4 16 12.077615
4 12 0.995307
4 11 32.542752
5 13 40.901658
6 14 1.091001
6 11 12.475993
7 13 3.031979
7 10 9.974493
7 8 47.483859
8 13 12.670532
8 12 18.108125
8 10 15.163112
9 16 20.748650
9 13 32.717229
9 10 4.108524
10 13 40.357473
11 13 11.728070
12 16 12.045211
12 14 12.610854
15 16 28.724791
