18 32 1 23560 23 0
44.127735
0.366504
37.664964
20.408174
26.588949
35.584005
38.965061
17.364525
29.103123
38.085084
2.126270
48.333485
25.661401
26.246929
18.927601
1.587224
16.949422
24.919996
0 7 23.101107
0 2 24.209139
1 17 38.080870
1 7 10.076756
2 16 24.485391
2 14 18.529601
2 10 49.822821
2 9 22.521493
3 16 33.065510
3 8 23.071790
4 9 16.474967
4 7 10.115654
5 17 0.508398
5 10 44.848166
5 9 37.364279
5 6 44.355995
6 13 4.412957
7 16 19.556477
7 15 10.143313
7 13 23.497554
7 12 25.988583
8 17 6.783693
9 16 4.684492
11 17 13.299190
11 16 28.415629
11 12 9.780572
12 13 38.545893
13 17 13.491833
13 16 5.673281
13 15 8.490289
15 17 20.137586
15 16 3.502946
