15 34 1 2387 42 0
24.922013
10.609818
27.840229
11.865463
46.557994
33.309875
28.174555
35.520842
10.367430
39.930626
24.982430
40.875289
39.704890
15.365883
36.920798
0 10 17.044215
0 9 22.083667
0 8 0.045946
0 4 11.143953
1 10 37.237948
1 9 20.402242
1 8 49.086703
1 5 21.220960
1 4 2.012494
1 3 3.871244
2 14 28.388773
2 12 42.052512
2 9 47.548549
2 7 38.892045
3 9 21.688027
3 6 25.344636
3 5 40.029805
4 13 26.592257
4 11 48.055436
4 10 28.310610
4 6 49.001237
5 8 10.625237
5 7 25.803333
6 9 24.118955
7 14 13.676976
7 12 41.693783
7 10 15.171317
8 12 5.975364
8 9 15.729433
9 13 1.143704
9 11 49.125337
10 11 26.149702
12 14 23.916642
13 14 29.230893
