16 27 1 26977 998 0
11.690195
26.006236
13.368314
44.456887
47.045615
34.821981
9.184933
26.783509
15.700680
30.759569
11.251288
19.979895
48.813250
33.210513
6.309650
40.616303
0 6 40.115370
0 4 36.411471
0 2 1.379707
1 13 27.159597
1 11 47.816590
3 12 45.287131
3 10 23.706684
3 6 14.442745
3 5 28.076569
4 15 29.853766
4 12 12.633040
4 7 1.905693
4 6 19.798267
5 11 48.313615
5 10 46.367494
5 9 9.227820
6 14 6.268410
6 12 0.415907
6 11 32.051848
7 14 21.214087
8 15 2.722989
8 14 34.173332
8 12 18.571551
10 15 11.826551
10 13 26.427135
10 12 21.770304
11 12 30.719016
