15 34 1 30350 99 0
27.497748
32.853197
41.842860
10.515813
26.693763
49.841743
25.759559
39.710002
23.514768
9.794914
37.147556
3.520647
43.215983
0.114183
33.642910
0 10 4.764781
0 9 11.803103
0 8 5.772007
0 4 9.722962
1 10 35.454890
1 9 19.274147
1 8 6.348864
1 5 30.801615
1 4 49.272695
1 3 11.486598
2 14 40.348576
2 12 35.548067
2 9 34.843109
2 7 17.206134
3 9 38.558964
3 6 22.006667
3 5 3.398199
4 13 20.468626
4 11 33.923706
4 10 39.084606
4 6 20.954140
5 8 9.175360
5 7 30.133701
6 9 46.946742
7 14 3.631788
7 12 39.194903
7 10 19.761680
8 12 24.038941
8 9 20.085951
9 13 42.968546
9 11 8.565391
10 11 1.968660
12 14 48.784982
13 14 21.133797
