15 34 1 39920 15 0
41.052258
30.101023
33.137464
33.843323
24.782595
33.988475
43.127935
20.983887
37.537883
5.816052
30.629442
21.346050
43.447968
10.633176
32.919787
0 10 37.546896
0 9 44.749290
0 8 12.555059
0 4 23.017243
1 10 39.984360
1 9 33.564903
1 8 3.348899
1 5 2.289442
1 4 26.956731
1 3 16.319790
2 14 7.173060
2 12 3.927989
2 9 37.846148
2 7 8.786389
3 9 3.192009
3 6 42.111985
3 5 17.791111
4 13 16.656072
4 11 3.025060
4 10 47.562257
4 6 40.398309
5 8 46.821099
5 7 17.031632
6 9 26.929534
7 14 31.501006
7 12 4.788416
7 10 43.557588
8 12 16.831013
8 9 18.460446
9 13 40.595934
9 11 45.036967
10 11 12.391360
12 14 19.569193
13 14 43.174248
