17 35 1 21880 552 0
17.481337
9.858384
42.429008
15.102997
48.609306
20.748078
27.562144
40.084566
21.180761
5.281967
6.218370
46.484911
32.916594
19.441488
40.499206
11.352151
12.579883
0 13 4.480448
0 11 32.908376
0 6 35.353496
0 3 35.488991
0 2 12.548197
1 3 38.922253
1 2 49.459722
2 16 38.494245
2 12 38.196294
2 4 7.927412
3 15 31.159386
3 13 30.125132
3 11 4.230348
3 7 19.357947
3 4 17.109248
4 16 36.251719
4 12 41.266287
4 11 5.647157
5 13 25.109979
6 14 35.011280
6 11 24.037891
7 13 8.671084
7 10 19.700819
7 8 32.815718
8 13 0.762571
8 12 16.841484
8 10 38.755109
9 16 18.363310
9 13 23.576659
9 10 16.657293
10 13 18.431355
11 13 12.275604
12 16 22.069107
12 14 36.317425
15 16 9.058910
