19 44 1 25116 164 0
5.395505
19.845953
30.348698
2.248091
11.961352
7.250820
29.475027
23.356876
44.932649
31.261323
1.692590
35.683442
31.222935
21.910954
7.082679
19.914758
44.869272
15.702061
37.417547
0 14 29.254537
0 12 36.704290
0 6 6.089166
0 3 41.750392
0 2 44.722452
1 18 9.534084
1 17 49.579249
1 7 4.370361
1 6 41.341389
1 5 31.302367
2 18 6.553831
2 16 16.390855
2 13 43.786625
2 10 49.319952
3 18 33.171081
3 14 1.118929
3 13 26.481889
3 9 29.411819
3 6 27.535725
4 18 6.100385
4 10 15.345955
4 7 46.279840
5 18 45.014506
5 12 16.752542
5 10 12.271382
6 17 1.054160
6 15 10.618599
6 13 11.062486
6 10 5.746824
7 18 18.106607
7 9 25.404452
7 8 1.343521
8 17 7.048756
8 15 34.457396
9 18 1.917552
9 11 6.842658
10 16 6.192250
11 18 32.188710
13 16 3.772699
14 18 37.562651
14 16 46.996161
14 15 34.869294
15 18 6.061825
17 18 12.019984
