17 35 1 37950 1058 0
6.451283
24.437702
49.196298
38.226529
30.144229
39.000083
33.065104
34.294534
47.747087
35.827267
43.304781
2.521251
8.227293
16.405776
44.907261
0.431838
9.194240
0 13 32.781484
0 11 28.118948
0 6 47.699612
0 3 21.108524
0 2 24.075753
1 3 39.408904
1 2 29.635821
2 16 24.556419
2 12 33.916431
2 4 34.217753
3 15 45.848052
3 13 20.663602
3 11 11.817068
3 7 39.902611
3 4 18.092113
4 16 37.417084
4 12 13.138052
4 11 25.058342
5 13 8.554747
6 14 45.589715
6 11 19.783891
7 13 0.735635
7 10 19.718754
7 8 3.493236
8 13 38.075002
8 12 26.551700
8 10 6.223275
9 16 15.598372
9 13 20.400154
9 10 46.263187
10 13 45.835433
11 13 39.365864
12 16 49.216304
12 14 19.811149
15 16 10.591072
