19 44 1 36266 989 0
43.934652
11.180522
22.867435
41.687264
4.305560
25.982559
48.550259
17.706946
36.506960
0.977939
15.805170
40.713911
42.744856
41.881350
43.492877
3.679228
21.198712
11.318812
16.638176
0 14 25.854006
0 12 24.880418
0 6 43.116484
0 3 38.951797
0 2 39.114678
1 18 34.703830
1 17 36.830644
1 7 44.228242
1 6 0.189912
1 5 27.068167
2 18 6.717761
2 16 33.702028
2 13 20.790962
2 10 40.924549
3 18 46.782090
3 14 41.108366
3 13 24.890674
3 9 27.865480
3 6 6.613843
4 18 45.796872
4 10 9.713269
4 7 17.089328
5 18 26.385054
5 12 25.061822
5 10 31.528370
6 17 44.471824
6 15 30.176095
6 13 35.677802
6 10 3.757229
7 18 25.437247
7 9 28.845713
7 8 23.175416
8 17 32.534397
8 15 21.743545
9 18 17.858173
9 11 34.876761
10 16 48.041119
11 18 24.115355
13 16 13.283658
14 18 1.001139
14 16 1.307165
14 15 33.058158
15 18 23.646814
17 18 32.450317
