17 35 1 25760 6 0
7.833958
4.837262
15.248512
17.509079
17.722549
33.417428
19.639180
41.608546
32.285494
4.167588
20.291934
29.311660
38.771375
34.333379
8.252627
19.213320
30.333831
0 13 0.231257
0 11 18.478039
0 6 16.873175
0 3 8.807346
0 2 1.743335
1 3 25.163281
1 2 49.626774
2 16 38.802564
2 12 7.109646
2 4 22.186585
3 15 25.950822
3 13 22.812568
3 11 34.087064
3 7 18.889785
3 4 10.376855
4 16 48.754274
4 12 18.323270
4 11 12.323070
5 13 26.831526
6 14 29.583774
6 11 21.402091
7 13 9.543467
7 10 46.608189
7 8 25.492902
8 13 4.657673
8 12 44.244909
8 10 11.474618
9 16 10.726905
9 13 19.181705
9 10 13.982126
10 13 17.719796
11 13 40.166673
12 16 29.968712
12 14 21.239511
15 16 23.620159
