15 34 1 40750 244 0
32.363797
27.906419
3.510281
19.734588
47.707918
37.847037
46.010867
44.554375
9.643620
28.245148
45.802157
25.128104
32.409750
17.849991
18.061755
0 10 5.914721
0 9 47.866876
0 8 31.700605
0 4 28.305739
1 10 9.063047
1 9 36.560755
1 8 34.401605
1 5 38.070358
1 4 9.082844
1 3 13.639428
2 14 13.684696
2 12 24.828299
2 9 11.130085
2 7 4.041227
3 9 35.483197
3 6 4.319944
3 5 27.842075
4 13 32.703055
4 11 8.551957
4 10 45.281151
4 6 0.651973
5 8 25.035527
5 7 8.560952
6 9 45.182724
7 14 29.082662
7 12 46.461228
7 10 10.308617
8 12 1.006428
8 9 24.362974
9 13 7.696891
9 11 26.938874
10 11 1.244090
12 14 14.203655
13 14 14.323629
