15 34 1 21088 855 0
24.023839
7.356564
2.690105
40.943133
11.530904
2.204712
41.153538
43.801084
40.693019
9.352943
16.214175
1.799108
35.430605
10.002783
30.804457
0 10 30.451398
0 9 43.560673
0 8 16.875181
0 4 45.883012
1 10 40.391011
1 9 22.361866
1 8 22.432500
1 5 43.265968
1 4 40.117879
1 3 10.696404
2 14 12.153436
2 12 22.214551
2 9 3.594135
2 7 22.168696
3 9 16.998099
3 6 36.197700
3 5 31.723356
4 13 49.636526
4 11 3.813326
4 10 6.019529
4 6 14.364237
5 8 28.436370
5 7 44.475435
6 9 44.803035
7 14 22.324870
7 12 15.654326
7 10 18.400554
8 12 40.432827
8 9 19.436371
9 13 27.387932
9 11 44.773001
10 11 33.883967
12 14 43.344004
13 14 25.094894
