19 44 1 36650 112 0
22.657512
10.676934
35.369290
40.111508
48.705381
7.229167
35.486418
18.893000
6.880810
0.361233
45.371014
23.484005
23.800021
21.025041
39.623507
5.320447
45.985591
5.396720
7.975156
0 14 10.728270
0 12 9.270717
0 6 33.767726
0 3 40.259198
0 2 13.219624
1 18 6.741713
1 17 5.976132
1 7 49.495266
1 6 16.124028
1 5 31.574059
2 18 13.605243
2 16 30.388042
2 13 5.735313
2 10 26.712755
3 18 47.398674
3 14 19.030915
3 13 19.951476
3 9 43.429294
3 6 3.121929
4 18 20.566199
4 10 17.007112
4 7 30.467529
5 18 44.726559
5 12 19.070885
5 10 36.687228
6 17 45.867615
6 15 32.580234
6 13 37.381719
6 10 27.668741
7 18 49.371306
7 9 46.203949
7 8 33.194360
8 17 46.703852
8 15 19.874626
9 18 10.312146
9 11 16.167334
10 16 17.748737
11 18 0.302502
13 16 26.597658
14 18 23.325883
14 16 20.018330
14 15 13.577358
15 18 45.449156
17 18 40.914111
