17 35 1 24877 1145 0
48.570695
3.185693
5.986009
26.557761
8.629352
17.230352
9.632376
6.907313
34.900916
14.486703
25.616089
27.789469
36.410582
36.233534
30.614031
21.515654
27.658889
0 13 37.847756
0 11 33.149152
0 6 30.620703
0 3 16.713585
0 2 17.323203
1 3 28.815764
1 2 4.274341
2 16 43.706675
2 12 25.170889
2 4 16.089386
3 15 29.896812
3 13 27.302157
3 11 48.612788
3 7 30.794097
3 4 35.705657
4 16 12.505211
4 12 37.367297
4 11 15.904651
5 13 15.468998
6 14 9.949373
6 11 31.835389
7 13 27.928181
7 10 7.950017
7 8 43.569763
8 13 41.899292
8 12 25.522146
8 10 32.655848
9 16 16.179619
9 13 7.915929
9 10 16.114957
10 13 49.283466
11 13 17.174998
12 16 24.274531
12 14 4.638763
15 16 15.697885
