15 34 1 25511 256 0
18.789199
33.449279
9.610608
25.282875
18.921332
34.069609
21.947246
45.264535
36.456829
12.672333
46.095867
25.418049
8.384654
44.550584
19.813578
0 10 1.169246
0 9 48.426412
0 8 21.707536
0 4 12.384286
1 10 2.785177
1 9 6.645345
1 8 5.333155
1 5 20.345182
1 4 42.060849
1 3 17.011953
2 14 22.715793
2 12 39.290970
2 9 37.538391
2 7 14.076195
3 9 10.347956
3 6 32.770018
3 5 2.080313
4 13 34.403789
4 11 10.962884
4 10 4.478758
4 6 0.930713
5 8 4.145575
5 7 34.395753
6 9 13.665213
7 14 28.285217
7 12 43.800326
7 10 31.758728
8 12 18.981338
8 9 35.054599
9 13 32.253559
9 11 41.684311
10 11 6.919758
12 14 46.220006
13 14 17.552474
