17 35 1 32530 1509 0
1.209629
1.307649
4.814389
48.016635
37.520698
40.669143
27.674458
39.799892
42.880181
33.355168
44.265106
3.742042
16.027094
19.071058
45.289469
24.866501
40.403575
0 13 30.255111
0 11 18.041036
0 6 15.198132
0 3 11.433393
0 2 2.926677
1 3 29.503213
1 2 24.947879
2 16 32.565303
2 12 39.128851
2 4 13.776227
3 15 8.256396
3 13 22.678174
3 11 47.841225
3 7 7.638658
3 4 21.709684
4 16 7.315857
4 12 10.860599
4 11 13.936908
5 13 11.453840
6 14 19.687208
6 11 47.876828
7 13 45.736190
7 10 33.504883
7 8 49.080236
8 13 8.883430
8 12 2.431727
8 10 16.432582
9 16 8.751389
9 13 1.530116
9 10 31.186089
10 13 48.895205
11 13 25.204596
12 16 13.858840
12 14 35.814535
15 16 14.511805
