15 34 1 20788 1645 0
2.349833
25.665531
48.977034
2.774561
13.833049
18.288518
21.078318
8.127928
26.875276
10.512284
6.680883
34.339410
0.683632
35.295420
6.961720
0 10 41.099337
0 9 23.851884
0 8 16.402860
0 4 46.184266
1 10 48.781680
1 9 27.958004
1 8 30.281611
1 5 3.114264
1 4 10.954367
1 3 23.902437
2 14 42.612845
2 12 34.807245
2 9 19.066231
2 7 7.421656
3 9 46.003161
3 6 10.367361
3 5 27.096538
4 13 34.406978
4 11 41.453954
4 10 14.784252
4 6 43.357178
5 8 41.489496
5 7 1.346790
6 9 48.564192
7 14 23.383556
7 12 26.030084
7 10 14.657583
8 12 16.737175
8 9 6.156860
9 13 37.129455
9 11 16.875906
10 11 39.262520
12 14 31.716060
13 14 37.471841
