18 32 1 35460 2757 0
18.285468
14.064820
28.668267
20.459869
25.566371
48.257339
0.971063
0.727085
20.742542
24.169328
0.443998
34.592022
48.586259
1.442816
12.789487
2.417413
48.847244
2.986114
0 7 39.495888
0 2 2.178773
1 17 47.423486
1 7 41.271154
2 16 3.944306
2 14 40.133731
2 10 37.429778
2 9 18.210546
3 16 28.879068
3 8 14.355384
4 9 44.504003
4 7 4.019459
5 17 19.689948
5 10 46.390817
5 9 5.023131
5 6 35.465549
6 13 12.650883
7 16 17.343422
7 15 37.510615
7 13 15.499773
7 12 8.294004
8 17 45.600647
9 16 14.052702
11 17 11.821827
11 16 7.588111
11 12 22.781902
12 13 11.275137
13 17 47.040114
13 16 29.407078
13 15 13.444521
15 17 38.668991
15 16 28.949228
