19 44 1 21950 70 0
36.381616
35.952812
20.444632
30.736532
42.973138
36.520240
44.707094
0.621650
4.828464
8.502461
19.539838
25.804477
19.476080
11.119520
40.748655
27.043888
43.189184
40.622615
18.533357
0 14 43.574441
0 12 18.238974
0 6 2.378840
0 3 21.262352
0 2 45.607846
1 18 15.047334
1 17 31.548159
1 7 32.839235
1 6 43.973283
1 5 6.991785
2 18 24.187939
2 16 14.134771
2 13 34.970326
2 10 40.741071
3 18 18.443475
3 14 30.547571
3 13 37.669077
3 9 23.248170
3 6 16.393463
4 18 11.669300
4 10 39.677064
4 7 24.395912
5 18 27.716779
5 12 33.509914
5 10 26.594622
6 17 16.284996
6 15 5.995945
6 13 0.774977
6 10 5.674059
7 18 2.980485
7 9 22.879734
7 8 36.135450
8 17 32.314602
8 15 0.596728
9 18 3.894141
9 11 10.709374
10 16 38.982662
11 18 14.796428
13 16 42.340433
14 18 38.389503
14 16 38.808040
14 15 19.717615
15 18 35.094266
17 18 35.770256
