16 27 1 34716 466 0
32.560311
4.971773
0.676887
17.187162
11.792325
21.493160
30.092979
38.897893
12.869411
31.722890
39.298759
17.557470
38.172766
15.225880
26.864542
49.258021
0 6 24.113855
0 4 47.124348
0 2 13.003613
1 13 11.701035
1 11 25.008596
3 12 1.618662
3 10 32.064378
3 6 32.316803
3 5 26.260615
4 15 31.811851
4 12 4.486851
4 7 26.950833
4 6 43.627720
5 11 34.913731
5 10 31.475472
5 9 31.058506
6 14 46.929691
6 12 3.970552
6 11 10.384933
7 14 27.767973
8 15 12.231294
8 14 19.933147
8 12 0.675477
10 15 8.920362
10 13 35.243641
10 12 14.989032
11 12 2.637043
