19 44 1 36433 42 0
15.882442
16.598511
12.682413
31.152746
37.585104
38.563441
2.426047
31.075465
41.777059
9.279563
45.204161
6.790425
40.219683
2.089850
5.863995
2.983893
4.388546
2.223641
10.982623
0 14 2.831071
0 12 45.985113
0 6 18.418811
0 3 49.151507
0 2 25.891364
1 18 3.867991
1 17 39.139970
1 7 19.406909
1 6 8.051606
1 5 22.718763
2 18 49.747410
2 16 34.331232
2 13 22.218009
2 10 12.401829
3 18 40.809628
3 14 36.184525
3 13 44.566902
3 9 6.369435
3 6 41.399697
4 18 20.963651
4 10 28.778471
4 7 24.015557
5 18 45.298144
5 12 38.211156
5 10 1.392817
6 17 42.476821
6 15 42.928244
6 13 7.678061
6 10 13.229136
7 18 40.348154
7 9 34.705360
7 8 47.679462
8 17 8.702316
8 15 42.257976
9 18 9.569840
9 11 17.393073
10 16 38.053269
11 18 6.266751
13 16 34.831098
14 18 36.701163
14 16 5.407826
14 15 37.364142
15 18 5.986038
17 18 13.482323
