18 32 1 20990 361 0
30.442945
42.405458
19.167319
18.249651
45.037750
9.571617
20.076685
3.947194
18.259389
18.720448
43.071766
0.871654
26.657955
44.831772
34.475053
29.124685
34.860172
7.988064
0 7 34.038824
0 2 22.104110
1 17 9.149809
1 7 19.815638
2 16 46.834750
2 14 27.414617
2 10 22.174825
2 9 13.527441
3 16 26.107213
3 8 0.913761
4 9 12.512384
4 7 14.904347
5 17 20.044803
5 10 0.415922
5 9 20.686987
5 6 12.507921
6 13 10.918947
7 16 19.947581
7 15 11.474421
7 13 40.275187
7 12 28.908218
8 17 29.431155
9 16 25.547367
11 17 42.425187
11 16 1.523786
11 12 47.838479
12 13 12.512097
13 17 19.620320
13 16 4.305128
13 15 37.076756
15 17 5.312337
15 16 29.717925
