18 32 1 38675 0 0
10.435672
28.790760
33.813993
37.217234
22.770775
40.034314
26.026961
16.341079
48.786704
34.910821
1.985348
36.449120
0.468680
25.800179
22.732018
30.162334
20.244570
14.535310
0 7 43.631064
0 2 41.520648
1 17 7.506419
1 7 13.421978
2 16 16.748797
2 14 6.103536
2 10 8.516075
2 9 45.452784
3 16 3.756442
3 8 32.364381
4 9 34.564638
4 7 14.694223
5 17 17.600206
5 10 12.350165
5 9 45.325237
5 6 4.867534
6 13 18.139257
7 16 39.638804
7 15 31.717097
7 13 26.448713
7 12 47.522705
8 17 15.127917
9 16 49.091456
11 17 48.368847
11 16 28.804261
11 12 32.631300
12 13 11.884313
13 17 49.918886
13 16 12.488427
13 15 19.816742
15 17 44.863786
15 16 46.769965
