19 44 1 32314 680 0
36.236073
16.129183
48.104156
10.450234
13.424209
33.317785
18.955096
35.838478
13.544684
3.328345
14.476264
14.555673
39.837561
9.647024
24.565464
24.281518
23.495325
26.217709
36.450995
0 14 25.392979
0 12 45.644108
0 6 21.245120
0 3 1.023662
0 2 22.063656
1 18 16.342552
1 17 12.150080
1 7 45.287884
1 6 45.895944
1 5 41.555410
2 18 42.150353
2 16 46.210686
2 13 34.721316
2 10 31.271490
3 18 29.353035
3 14 45.453829
3 13 21.761639
3 9 26.839883
3 6 30.213227
4 18 46.538419
4 10 3.777551
4 7 49.460611
5 18 45.352706
5 12 38.527945
5 10 23.354164
6 17 22.983073
6 15 24.967110
6 13 22.210542
6 10 25.051469
7 18 18.691260
7 9 10.971230
7 8 9.150518
8 17 5.243026
8 15 25.739628
9 18 13.853946
9 11 37.733136
10 16 35.159018
11 18 33.559128
13 16 31.942242
14 18 21.760375
14 16 2.170430
14 15 20.800922
15 18 13.937207
17 18 36.825966
