19 44 1 24512 242 0
49.469970
46.175103
48.018472
36.179427
26.265158
31.193622
35.927743
27.946357
22.225015
34.287376
31.308454
19.709253
42.202892
11.772028
22.397216
40.976133
38.815697
42.876942
30.581393
0 14 22.895311
0 12 17.125531
0 6 9.420272
0 3 46.756891
0 2 13.738087
1 18 0.472806
1 17 1.478089
1 7 17.183236
1 6 22.913067
1 5 23.585260
2 18 20.601874
2 16 32.167877
2 13 0.075528
2 10 12.708342
3 18 32.755602
3 14 21.633053
3 13 19.014635
3 9 24.322941
3 6 35.884383
4 18 48.128933
4 10 23.087952
4 7 18.787234
5 18 45.249647
5 12 12.223558
5 10 34.347329
6 17 19.022137
6 15 43.681454
6 13 45.260328
6 10 45.129921
7 18 34.808643
7 9 13.553954
7 8 33.536436
8 17 45.200281
8 15 11.003497
9 18 28.939210
9 11 30.707135
10 16 7.734167
11 18 26.593203
13 16 35.464839
14 18 21.146528
14 16 24.625579
14 15 24.761371
15 18 41.358680
17 18 12.064015
