16 27 1 32933 29 0
37.039492
30.399842
19.459123
24.559692
40.089267
1.379245
47.898024
39.081528
48.011720
29.320620
0.728005
28.694048
16.690013
7.316962
39.595879
1.710529
0 6 40.774182
0 4 7.289825
0 2 11.839195
1 13 9.532430
1 11 0.346027
3 12 10.810408
3 10 38.035416
3 6 45.873030
3 5 38.362526
4 15 49.634600
4 12 16.711398
4 7 17.533321
4 6 26.853243
5 11 43.417166
5 10 25.578288
5 9 45.253785
6 14 8.073707
6 12 5.477830
6 11 19.955513
7 14 48.157429
8 15 25.505178
8 14 33.505727
8 12 16.930521
10 15 38.615502
10 13 44.710909
10 12 33.744839
11 12 35.782726
