19 44 1 39057 366 0
21.077332
24.034373
39.803460
35.863949
0.656153
6.128411
31.243077
47.685839
40.009000
11.579529
39.636168
12.301150
22.441208
15.331839
24.586371
38.656576
4.984842
1.517695
15.008746
0 14 39.565397
0 12 31.825559
0 6 12.770303
0 3 6.803210
0 2 10.693253
1 18 10.151593
1 17 35.074909
1 7 10.378327
1 6 34.842119
1 5 2.181935
2 18 6.515738
2 16 22.164126
2 13 36.202672
2 10 43.403259
3 18 42.480807
3 14 39.867993
3 13 12.595426
3 9 28.252669
3 6 11.264536
4 18 11.504435
4 10 49.053457
4 7 42.532656
5 18 5.841994
5 12 5.067224
5 10 19.417721
6 17 23.212071
6 15 21.010622
6 13 44.750347
6 10 32.872161
7 18 32.072542
7 9 33.074559
7 8 7.399172
8 17 43.634087
8 15 21.035715
9 18 20.707721
9 11 26.856412
10 16 4.196178
11 18 3.889545
13 16 22.300051
14 18 0.722284
14 16 16.205929
14 15 17.651230
15 18 19.310551
17 18 44.429845
