15 34 1 40611 144 0
9.128443
23.414978
37.761332
47.492878
23.802256
21.071510
27.055074
37.269379
21.870139
42.466994
31.630726
18.859903
1.028047
4.801511
43.516090
0 10 43.777814
0 9 49.570371
0 8 10.567409
0 4 29.445447
1 10 44.134818
1 9 35.335171
1 8 29.410057
1 5 21.003899
1 4 1.022583
1 3 29.733362
2 14 18.221134
2 12 25.570536
2 9 22.675012
2 7 37.121239
3 9 19.065577
3 6 35.051005
3 5 4.802221
4 13 32.182870
4 11 47.271767
4 10 17.029939
4 6 22.320785
5 8 24.970942
5 7 44.259250
6 9 43.702872
7 14 40.393718
7 12 43.797294
7 10 24.241108
8 12 14.105364
8 9 37.405359
9 13 38.451035
9 11 43.149352
10 11 19.314326
12 14 8.123416
13 14 13.321202
