19 44 1 30312 268 0
6.716095
5.194004
13.407067
41.482508
2.644286
43.533564
49.226499
27.158898
43.689017
0.526418
33.639021
12.637595
30.956760
41.015896
25.781228
36.219347
28.986920
40.350868
43.641580
0 14 16.344961
0 12 16.592537
0 6 47.344775
0 3 31.865656
0 2 42.698213
1 18 1.693902
1 17 9.039947
1 7 29.814040
1 6 9.532193
1 5 49.748954
2 18 17.036621
2 16 20.330113
2 13 31.232132
2 10 5.455443
3 18 40.332929
3 14 11.093058
3 13 34.322030
3 9 16.823692
3 6 17.799919
4 18 4.119741
4 10 1.013201
4 7 26.905105
5 18 12.701550
5 12 10.575603
5 10 30.066749
6 17 8.924834
6 15 10.599929
6 13 26.777585
6 10 40.600956
7 18 9.283539
7 9 28.039338
7 8 37.611775
8 17 48.062194
8 15 44.028173
9 18 3.124816
9 11 26.360245
10 16 3.961557
11 18 14.191165
13 16 9.984494
14 18 38.896849
14 16 35.091324
14 15 37.154612
15 18 27.076629
17 18 37.523313
