16 27 1 30666 157 0
41.866179
3.096098
4.588644
15.269523
6.609799
28.484981
38.324019
34.515787
19.763567
16.178451
25.609212
25.915734
16.038546
32.353891
30.662016
3.085439
0 6 5.853334
0 4 0.133660
0 2 1.114843
1 13 23.498399
1 11 47.820838
3 12 45.633367
3 10 16.409839
3 6 44.256851
3 5 35.196326
4 15 23.545541
4 12 27.330476
4 7 26.321912
4 6 28.048011
5 11 23.009778
5 10 34.285016
5 9 47.171996
6 14 27.857008
6 12 0.672066
6 11 30.552329
7 14 47.636878
8 15 36.301796
8 14 44.704978
8 12 25.370472
10 15 10.987654
10 13 37.807325
10 12 2.372923
11 12 46.402756
