16 27 1 34975 844 0
11.642166
20.259548
31.639742
0.292530
36.056734
30.992439
45.951453
9.393044
3.245786
17.196445
45.659249
13.824479
9.444985
33.864697
31.127429
32.061248
0 6 11.237932
0 4 10.885448
0 2 14.826511
1 13 37.087975
1 11 28.181782
3 12 37.708337
3 10 32.380686
3 6 14.583526
3 5 17.196563
4 15 44.315381
4 12 27.215707
4 7 12.646341
4 6 7.463280
5 11 44.285972
5 10 42.170288
5 9 48.969512
6 14 9.269207
6 12 34.275660
6 11 0.878311
7 14 23.108724
8 15 10.193732
8 14 7.358597
8 12 7.754077
10 15 36.597269
10 13 18.165390
10 12 28.203938
11 12 21.179485
