16 27 1 24914 244 0
16.911355
24.308158
48.230965
45.531523
41.483157
34.881728
19.806053
24.562806
39.520492
9.549582
40.260691
4.108628
32.085312
37.793965
7.461901
32.549223
0 6 21.436968
0 4 4.647990
0 2 13.189386
1 13 35.521649
1 11 4.440214
3 12 5.906372
3 10 5.845809
3 6 5.361495
3 5 10.901103
4 15 18.288687
4 12 38.474189
4 7 26.947065
4 6 47.644322
5 11 32.103309
5 10 5.001720
5 9 12.278857
6 14 8.330400
6 12 25.088423
6 11 35.572898
7 14 4.655513
8 15 15.659484
8 14 46.427108
8 12 47.154829
10 15 44.262457
10 13 5.381064
10 12 10.440192
11 12 0.645883
