16 27 1 25085 83 0
24.942462
27.579481
40.554895
10.857303
6.571700
40.080756
8.686994
49.918289
2.972988
41.919453
11.733042
21.937516
33.686126
23.939398
48.280261
40.636634
0 6 45.753717
0 4 25.292995
0 2 26.760222
1 13 8.274201
1 11 30.374352
3 12 10.779708
3 10 16.940189
3 6 48.175316
3 5 30.648445
4 15 2.739954
4 12 28.810967
4 7 37.138433
4 6 3.346400
5 11 3.721471
5 10 22.810874
5 9 27.669160
6 14 24.289265
6 12 33.841198
6 11 46.852585
7 14 26.902122
8 15 11.395525
8 14 1.786296
8 12 40.750793
10 15 20.218364
10 13 38.691822
10 12 8.619382
11 12 34.385265
