16 27 1 30840 215 0
3.029312
30.613504
25.065348
44.660785
32.270727
1.203196
29.329942
5.411527
37.953597
25.446843
40.347311
17.197792
12.473123
25.899479
32.053206
11.924022
0 6 2.342487
0 4 33.759852
0 2 5.807246
1 13 13.199030
1 11 40.804250
3 12 40.020710
3 10 46.619640
3 6 36.234361
3 5 3.099921
4 15 44.309737
4 12 12.502905
4 7 40.782175
4 6 49.086523
5 11 17.654293
5 10 7.028965
5 9 23.483668
6 14 48.761881
6 12 38.718271
6 11 40.833161
7 14 0.177425
8 15 14.446202
8 14 19.695424
8 12 12.684552
10 15 10.714794
10 13 17.229494
10 12 1.155121
11 12 28.664210
