18 32 1 21033 377 0
34.383337
19.807340
26.409957
25.620111
19.006333
20.298869
10.361817
8.428450
14.790334
25.507363
24.988242
0.947806
24.186938
39.796966
19.500246
45.830770
19.637012
0.605342
0 7 6.444317
0 2 42.757724
1 17 40.873271
1 7 5.474903
2 16 43.707999
2 14 22.052747
2 10 47.302762
2 9 37.016936
3 16 32.056194
3 8 44.011589
4 9 14.451719
4 7 17.925374
5 17 9.749729
5 10 29.236927
5 9 37.943082
5 6 29.855317
6 13 34.145004
7 16 10.685466
7 15 36.485054
7 13 42.006096
7 12 41.685063
8 17 47.402648
9 16 20.494926
11 17 12.700545
11 16 40.442854
11 12 44.969132
12 13 15.514057
13 17 44.334534
13 16 5.006819
13 15 4.513762
15 17 22.445399
15 16 37.337301
