16 27 1 29760 759 0
40.768983
19.816386
0.595716
34.143266
4.225885
34.340347
44.119271
20.806558
19.896832
14.278409
7.459471
3.038056
4.571690
18.726070
24.566767
20.895739
0 6 46.098893
0 4 28.506029
0 2 11.424664
1 13 40.810375
1 11 21.995778
3 12 14.800437
3 10 29.094340
3 6 23.156169
3 5 45.565269
4 15 4.006589
4 12 8.092233
4 7 20.597712
4 6 12.404269
5 11 31.027120
5 10 46.783252
5 9 37.871699
6 14 4.988708
6 12 16.640303
6 11 15.352004
7 14 2.492951
8 15 29.876006
8 14 12.151106
8 12 43.042271
10 15 28.833670
10 13 9.059160
10 12 38.398695
11 12 30.966120
