15 34 1 30560 624 0
19.913339
0.550051
16.114908
21.951227
34.759039
7.004055
23.318794
7.876742
19.719305
0.570925
27.946752
37.287480
14.043873
27.373848
15.339389
0 10 38.570005
0 9 48.770125
0 8 6.776340
0 4 11.245008
1 10 22.518986
1 9 33.677593
1 8 22.148888
1 5 45.296340
1 4 9.245340
1 3 25.807815
2 14 30.605431
2 12 4.515360
2 9 2.531175
2 7 16.428924
3 9 19.130159
3 6 5.158044
3 5 29.394431
4 13 34.045467
4 11 7.992787
4 10 27.942390
4 6 8.092630
5 8 11.463049
5 7 0.951984
6 9 39.934425
7 14 2.605779
7 12 41.393891
7 10 48.554110
8 12 21.693383
8 9 0.995537
9 13 40.903940
9 11 31.925079
10 11 27.825859
12 14 49.990154
13 14 47.490282
