16 27 1 39160 14 0
34.006916
3.327517
11.262884
12.038732
34.776184
44.825021
49.277583
28.824131
44.559462
36.347786
42.630626
37.560208
2.448734
48.193647
23.096177
33.681397
0 6 49.864013
0 4 48.613760
0 2 47.498789
1 13 43.750510
1 11 6.209966
3 12 44.989819
3 10 16.409609
3 6 10.243997
3 5 46.862676
4 15 12.455257
4 12 16.331902
4 7 10.462991
4 6 48.080626
5 11 48.451572
5 10 1.287264
5 9 34.210758
6 14 10.160315
6 12 43.118639
6 11 31.560944
7 14 25.592665
8 15 42.951209
8 14 27.230082
8 12 14.117643
10 15 9.777343
10 13 8.980959
10 12 42.619180
11 12 33.965440
