19 44 1 25616 232 0
25.930736
19.975744
19.508738
39.991985
38.257239
36.655054
32.178075
33.343661
44.698892
11.301962
16.985456
35.343473
35.522058
38.372276
42.058758
46.225072
44.915576
27.047136
18.128506
0 14 20.776942
0 12 25.916405
0 6 43.667683
0 3 5.246649
0 2 4.791274
1 18 14.275828
1 17 32.304554
1 7 23.131996
1 6 22.508811
1 5 4.474614
2 18 4.485942
2 16 22.837929
2 13 1.298634
2 10 31.888174
3 18 6.125780
3 14 15.652212
3 13 16.386821
3 9 2.108155
3 6 41.907894
4 18 42.954923
4 10 13.728622
4 7 0.322427
5 18 41.482324
5 12 18.329714
5 10 33.241473
6 17 19.843607
6 15 38.580904
6 13 27.556831
6 10 3.891740
7 18 37.403245
7 9 18.380315
7 8 36.920242
8 17 44.624074
8 15 44.821641
9 18 46.383202
9 11 33.231136
10 16 45.007315
11 18 6.144999
13 16 7.007986
14 18 0.480773
14 16 47.279041
14 15 27.976875
15 18 13.005916
17 18 25.739484
