18 32 1 36380 1016 0
36.441850
17.537456
29.880781
12.685860
16.505677
24.483176
1.110655
35.178169
15.591343
4.465738
46.329525
4.006304
11.646373
46.846845
44.201330
21.340409
26.465689
26.772252
0 7 19.432314
0 2 36.325031
1 17 47.068108
1 7 1.166319
2 16 23.984094
2 14 19.231097
2 10 40.965416
2 9 48.074810
3 16 18.358806
3 8 45.329374
4 9 49.758655
4 7 23.935199
5 17 14.927021
5 10 42.935025
5 9 6.921981
5 6 35.900603
6 13 32.509112
7 16 33.300840
7 15 48.134565
7 13 38.506389
7 12 22.260456
8 17 2.656013
9 16 13.410432
11 17 34.072069
11 16 15.311310
11 12 1.238699
12 13 40.322159
13 17 11.158145
13 16 10.755471
13 15 14.377531
15 17 23.493884
15 16 44.031748
