19 44 1 31875 166 0
25.969078
11.020665
23.677112
41.816810
11.892562
2.536994
2.789850
19.759047
36.981436
7.750641
21.517934
37.993507
15.395897
19.333180
22.737032
40.673806
26.986949
17.483549
12.691380
0 14 43.168816
0 12 12.214041
0 6 1.810260
0 3 24.845761
0 2 26.021391
1 18 21.767877
1 17 17.976185
1 7 18.716479
1 6 44.681104
1 5 12.582844
2 18 8.234909
2 16 35.958085
2 13 35.729382
2 10 18.965448
3 18 32.278214
3 14 39.094568
3 13 21.064960
3 9 15.539285
3 6 48.207574
4 18 8.835569
4 10 32.392152
4 7 19.268332
5 18 13.391987
5 12 10.161331
5 10 9.238284
6 17 22.513242
6 15 43.077662
6 13 13.701610
6 10 13.762592
7 18 5.210232
7 9 19.116055
7 8 21.487836
8 17 45.613410
8 15 13.056236
9 18 27.412167
9 11 18.049949
10 16 2.495250
11 18 10.172655
13 16 25.303092
14 18 23.960328
14 16 43.078163
14 15 2.014569
15 18 4.944897
17 18 14.962868
