16 27 1 37740 1247 0
21.517009
43.031407
32.980327
37.961355
35.287409
31.097869
49.029101
35.570641
8.329507
30.148525
18.528538
29.813528
49.757303
15.194375
26.249744
8.167167
0 6 41.341608
0 4 40.768872
0 2 44.678810
1 13 45.553265
1 11 42.796657
3 12 20.116205
3 10 5.571571
3 6 35.874869
3 5 17.273422
4 15 15.049935
4 12 49.953065
4 7 38.131471
4 6 44.227561
5 11 38.096100
5 10 21.854384
5 9 2.152032
6 14 27.209863
6 12 31.860803
6 11 7.020636
7 14 46.307759
8 15 16.778805
8 14 37.288082
8 12 40.665979
10 15 49.438956
10 13 42.018147
10 12 10.500231
11 12 28.567926
