19 44 1 40622 33 0
32.716251
21.772709
37.177140
26.975501
17.747550
30.880012
22.257334
8.141267
4.316247
16.054628
16.756118
28.557354
35.422457
30.861482
25.473474
22.827817
32.088084
13.924509
29.298753
0 14 25.237435
0 12 48.613079
0 6 45.549964
0 3 36.510210
0 2 13.235787
1 18 47.746914
1 17 49.577602
1 7 35.859224
1 6 37.267173
1 5 48.810436
2 18 21.055482
2 16 12.164558
2 13 0.287521
2 10 25.086310
3 18 25.114123
3 14 2.414090
3 13 26.437367
3 9 23.540567
3 6 1.137443
4 18 22.932478
4 10 26.912127
4 7 13.055314
5 18 40.199016
5 12 3.042831
5 10 15.653773
6 17 22.874628
6 15 16.718331
6 13 36.322092
6 10 28.065225
7 18 40.121189
7 9 0.419220
7 8 3.530907
8 17 43.562447
8 15 48.843918
9 18 37.122251
9 11 9.073120
10 16 42.455789
11 18 40.524107
13 16 21.042972
14 18 10.120992
14 16 45.420206
14 15 23.406001
15 18 18.034806
17 18 29.144388
