19 44 1 37442 89 0
14.073031
21.433643
42.174603
31.258600
16.722635
39.679473
4.575556
23.540445
25.106447
24.865228
22.739897
20.020155
9.750968
12.293365
44.086946
21.557019
30.952094
2.091656
34.037165
0 14 37.055276
0 12 36.621221
0 6 19.645378
0 3 9.778864
0 2 2.160264
1 18 30.789876
1 17 0.945154
1 7 28.365449
1 6 18.946154
1 5 36.779310
2 18 43.151369
2 16 15.226496
2 13 21.395506
2 10 7.258470
3 18 8.471955
3 14 26.989690
3 13 44.338059
3 9 1.908295
3 6 27.838761
4 18 2.967144
4 10 48.559282
4 7 16.189870
5 18 35.980539
5 12 31.708191
5 10 12.600241
6 17 47.413292
6 15 30.132039
6 13 18.923134
6 10 40.159649
7 18 44.480071
7 9 35.531730
7 8 44.158836
8 17 35.080673
8 15 43.853226
9 18 7.754290
9 11 42.918457
10 16 30.577390
11 18 5.818008
13 16 3.663646
14 18 21.484622
14 16 6.013700
14 15 22.015497
15 18 31.537702
17 18 37.673284
