15 34 1 31266 77 0
47.511507
37.519053
23.891875
23.993058
22.848082
31.074242
13.284728
32.230936
3.514451
43.420082
13.029569
5.707894
30.018525
18.281832
40.273779
0 10 34.327338
0 9 17.194984
0 8 2.401030
0 4 28.580180
1 10 26.917914
1 9 41.904460
1 8 17.967046
1 5 40.009496
1 4 2.192287
1 3 39.088178
2 14 0.376630
2 12 39.470074
2 9 23.676872
2 7 45.637135
3 9 12.908682
3 6 19.658545
3 5 2.633537
4 13 47.113008
4 11 0.357064
4 10 28.613683
4 6 33.259432
5 8 24.437487
5 7 25.198924
6 9 16.422782
7 14 41.975531
7 12 3.576557
7 10 25.673381
8 12 24.959727
8 9 25.936788
9 13 28.735018
9 11 34.515829
10 11 36.081489
12 14 35.247092
13 14 42.183933
