16 27 1 35925 42 0
3.552955
19.539268
46.884526
27.164273
23.436125
41.848979
7.338447
14.926148
6.199457
41.058065
49.946362
0.798231
26.379810
2.506333
9.053476
8.250700
0 6 16.148436
0 4 31.342280
0 2 8.408211
1 13 22.626900
1 11 28.922640
3 12 49.413863
3 10 20.450191
3 6 8.076250
3 5 14.881617
4 15 1.167419
4 12 46.809755
4 7 3.243890
4 6 49.563930
5 11 3.807444
5 10 5.696585
5 9 34.194440
6 14 49.260975
6 12 34.171736
6 11 40.513161
7 14 42.253605
8 15 17.987833
8 14 7.534680
8 12 37.009817
10 15 12.441170
10 13 20.571706
10 12 40.209176
11 12 22.114454
