19 44 1 37414 455 0
37.005353
30.530795
7.189746
8.935431
49.517512
27.369706
23.612469
44.967528
40.168140
49.383886
31.552375
5.954647
34.513912
23.341233
6.052591
41.525309
11.918416
48.809781
5.149745
0 14 14.033564
0 12 19.041942
0 6 25.566333
0 3 20.387011
0 2 46.070494
1 18 45.188904
1 17 15.688321
1 7 38.373787
1 6 25.237211
1 5 48.236221
2 18 5.911633
2 16 1.757114
2 13 32.134019
2 10 17.918871
3 18 37.016763
3 14 28.809073
3 13 4.246486
3 9 49.747145
3 6 27.632293
4 18 4.895706
4 10 48.817125
4 7 4.886828
5 18 25.804310
5 12 39.129198
5 10 9.004108
6 17 21.246260
6 15 34.985527
6 13 26.782020
6 10 48.101721
7 18 40.778874
7 9 11.429543
7 8 36.168811
8 17 17.438961
8 15 45.488848
9 18 6.050113
9 11 18.774040
10 16 0.469164
11 18 19.372683
13 16 16.921482
14 18 27.314995
14 16 45.867300
14 15 40.841331
15 18 21.564629
17 18 47.972372
