19 44 1 40485 163 0
40.888119
14.252106
3.097559
39.291951
5.056271
45.213616
44.119561
18.931472
47.723724
34.059684
14.547338
35.738138
14.340462
26.883754
43.650590
1.395208
2.329871
43.061640
45.063054
0 14 9.182152
0 12 6.155298
0 6 4.098545
0 3 14.009257
0 2 3.249043
1 18 33.442332
1 17 46.744285
1 7 17.127235
1 6 2.750709
1 5 30.155796
2 18 10.064575
2 16 36.229519
2 13 28.555942
2 10 39.453303
3 18 15.443144
3 14 25.014204
3 13 38.468293
3 9 16.837842
3 6 43.675736
4 18 39.955954
4 10 36.703265
4 7 10.954456
5 18 21.092724
5 12 19.483785
5 10 40.422542
6 17 45.525614
6 15 13.855061
6 13 46.289830
6 10 44.868407
7 18 22.362154
7 9 18.258077
7 8 34.936847
8 17 28.545861
8 15 49.293208
9 18 32.621788
9 11 19.146377
10 16 12.647448
11 18 2.772602
13 16 8.182524
14 18 7.583604
14 16 21.895968
14 15 49.092183
15 18 34.864351
17 18 28.162033
