17 35 1 3833 656 0
15.122828
9.433496
22.058366
32.626187
15.902142
49.076029
19.504295
41.877917
9.299802
18.131982
36.957967
18.225006
48.062222
2.688547
27.978928
21.840960
32.727134
0 13 8.506350
0 11 37.146887
0 6 0.306961
0 3 2.169177
0 2 35.234261
1 3 13.741166
1 2 35.333936
2 16 8.905494
2 12 1.348882
2 4 10.669575
3 15 11.035975
3 13 9.724713
3 11 39.505459
3 7 27.230178
3 4 5.928647
4 16 24.921140
4 12 30.018953
4 11 5.175659
5 13 29.474116
6 14 30.318901
6 11 29.226732
7 13 8.491042
7 10 23.350583
7 8 9.328101
8 13 8.928216
8 12 25.124376
8 10 22.545168
9 16 49.132148
9 13 12.798808
9 10 4.244632
10 13 25.433465
11 13 33.162452
12 16 41.233798
12 14 35.778332
15 16 45.682947
