17 35 1 36675 18 0
8.687638
31.379672
27.412925
5.391490
8.003327
47.287551
5.217271
18.315473
37.728376
21.384605
45.634731
5.477113
18.019468
45.937233
17.952409
44.617126
15.310620
0 13 41.278292
0 11 35.328950
0 6 21.479370
0 3 5.920947
0 2 28.841625
1 3 37.491998
1 2 27.224156
2 16 27.814681
2 12 26.162423
2 4 16.607156
3 15 38.423442
3 13 11.178351
3 11 30.557359
3 7 27.827515
3 4 34.607873
4 16 41.805212
4 12 30.346654
4 11 36.357957
5 13 15.061676
6 14 24.264471
6 11 21.317748
7 13 13.030343
7 10 10.505967
7 8 7.145733
8 13 24.051194
8 12 10.118365
8 10 8.675517
9 16 22.282683
9 13 37.952180
9 10 15.727467
10 13 22.554838
11 13 48.446219
12 16 34.666841
12 14 4.727516
15 16 27.083080
