16 27 1 31440 931 0
37.248110
26.100687
31.830304
24.554498
35.480577
35.914934
32.735869
36.229498
11.619522
6.724696
3.968032
43.647854
3.603248
48.296217
31.166467
31.399307
0 6 31.387888
0 4 5.761908
0 2 23.538899
1 13 8.134961
1 11 32.939112
3 12 1.052731
3 10 14.746375
3 6 35.094459
3 5 34.915537
4 15 26.548983
4 12 2.839696
4 7 6.625612
4 6 16.009548
5 11 8.107072
5 10 8.889861
5 9 1.012104
6 14 17.884148
6 12 33.752534
6 11 22.304757
7 14 23.804155
8 15 45.150674
8 14 19.550659
8 12 33.671736
10 15 11.891533
10 13 21.569880
10 12 38.983386
11 12 47.725369
