15 34 1 21066 65 0
33.770948
38.023145
27.280229
13.497566
11.536210
49.522133
9.307410
38.034411
39.802943
27.068679
5.191366
19.185534
11.637397
21.175619
43.152366
0 10 20.570132
0 9 7.628751
0 8 37.473806
0 4 34.116518
1 10 5.724259
1 9 44.055056
1 8 46.024762
1 5 47.104124
1 4 33.770425
1 3 22.721996
2 14 46.663479
2 12 6.575401
2 9 12.047071
2 7 39.889256
3 9 45.281478
3 6 24.384971
3 5 7.771708
4 13 33.987195
4 11 45.448297
4 10 7.305353
4 6 41.663187
5 8 4.396238
5 7 1.359885
6 9 33.129716
7 14 36.627631
7 12 32.398300
7 10 28.095840
8 12 17.989000
8 9 22.617781
9 13 21.375516
9 11 18.943131
10 11 33.750869
12 14 27.774209
13 14 21.960352
