17 35 1 26585 140 0
1.071433
35.286915
16.933658
40.102751
9.148928
27.084603
40.746711
7.757818
40.993308
13.320324
20.751980
4.044719
35.829201
25.714606
48.640316
45.554092
21.868996
0 13 12.954680
0 11 14.579078
0 6 33.256161
0 3 14.080999
0 2 27.386318
1 3 22.521250
1 2 46.222771
2 16 21.899000
2 12 37.864698
2 4 40.658615
3 15 2.748462
3 13 5.942609
3 11 19.168413
3 7 1.897987
3 4 8.627644
4 16 16.752015
4 12 25.214851
4 11 22.225045
5 13 31.948297
6 14 5.203191
6 11 44.784941
7 13 30.162183
7 10 48.655481
7 8 22.517398
8 13 14.062934
8 12 1.469481
8 10 11.592445
9 16 32.880181
9 13 17.399419
9 10 25.643876
10 13 32.230247
11 13 47.609387
12 16 23.726983
12 14 15.916111
15 16 6.140477
