16 27 1 24433 177 0
39.711965
12.550564
8.564267
38.640493
20.920865
3.669212
39.952065
41.480511
34.016247
3.087044
12.384367
5.905347
12.353067
44.204100
40.547648
26.878507
0 6 18.692636
0 4 47.320542
0 2 8.116900
1 13 7.672773
1 11 29.465247
3 12 18.036207
3 10 34.229167
3 6 33.886024
3 5 15.647532
4 15 12.581625
4 12 46.119504
4 7 28.048908
4 6 5.620733
5 11 36.041097
5 10 34.637375
5 9 44.852307
6 14 48.191977
6 12 39.144937
6 11 17.536304
7 14 18.516507
8 15 21.950424
8 14 33.505807
8 12 39.649682
10 15 30.120722
10 13 9.842124
10 12 41.865610
11 12 45.236036
