16 27 1 28 427 0
13.974213
22.853603
11.930686
49.489285
46.712365
47.212749
44.843077
31.988568
7.454182
25.812232
2.228917
5.470505
46.494746
16.097165
49.515111
15.709211
0 6 36.661079
0 4 6.411256
0 2 28.095560
1 13 42.186071
1 11 3.597547
3 12 29.317696
3 10 42.121511
3 6 1.101741
3 5 23.436128
4 15 5.585009
4 12 10.245176
4 7 2.137061
4 6 26.240318
5 11 23.169864
5 10 20.463143
5 9 38.444275
6 14 1.497797
6 12 16.444475
6 11 39.409334
7 14 23.694674
8 15 11.429827
8 14 14.403389
8 12 3.594896
10 15 9.647061
10 13 28.537556
10 12 47.179517
11 12 15.660156
