15 34 1 30980 2214 0
11.768530
25.205266
32.491829
9.701267
35.687943
25.735790
19.792086
12.032925
0.333384
10.640080
11.180925
32.086710
14.839372
46.970969
34.391887
0 10 32.416989
0 9 49.501829
0 8 49.595572
0 4 24.769114
1 10 39.735776
1 9 31.143679
1 8 7.438845
1 5 1.931652
1 4 14.972672
1 3 21.418807
2 14 12.824861
2 12 44.466025
2 9 47.487981
2 7 36.038711
3 9 19.945477
3 6 13.966578
3 5 18.073848
4 13 2.819341
4 11 44.610199
4 10 41.766254
4 6 42.094479
5 8 35.680761
5 7 26.114076
6 9 38.460301
7 14 14.749331
7 12 15.760687
7 10 7.033705
8 12 2.431978
8 9 15.332818
9 13 34.096376
9 11 21.480368
10 11 37.640761
12 14 11.531361
13 14 7.223636
