18 32 1 33287 183 0
40.003459
20.309685
0.915988
15.138366
1.711336
33.429071
32.010891
1.014538
2.724554
46.922007
9.190352
24.987640
46.848348
27.624027
46.690843
17.546368
1.557012
4.373283
0 7 40.817032
0 2 2.704019
1 17 26.579076
1 7 28.406887
2 16 15.880809
2 14 40.206016
2 10 31.202682
2 9 20.837275
3 16 45.347841
3 8 15.547741
4 9 23.563148
4 7 24.280738
5 17 43.259934
5 10 10.377527
5 9 38.675454
5 6 44.324060
6 13 16.332018
7 16 40.427017
7 15 18.736211
7 13 35.181222
7 12 22.439477
8 17 35.144611
9 16 5.596712
11 17 35.760830
11 16 28.530496
11 12 28.303284
12 13 19.580866
13 17 34.847145
13 16 23.713108
13 15 2.791578
15 17 7.159212
15 16 41.881048
