19 44 1 32357 671 0
37.852858
45.344844
46.535879
36.197245
46.893459
5.216700
26.426193
6.228769
10.330073
18.901296
25.738820
0.091270
11.717282
25.443153
47.874579
40.162627
8.920438
7.566015
21.468049
0 14 1.836418
0 12 28.160671
0 6 10.002276
0 3 4.466698
0 2 34.031162
1 18 20.512809
1 17 48.807248
1 7 48.917425
1 6 12.751111
1 5 11.430686
2 18 14.464198
2 16 44.718701
2 13 42.049263
2 10 12.430047
3 18 29.082292
3 14 3.679938
3 13 24.808030
3 9 12.945978
3 6 35.409148
4 18 42.274290
4 10 28.367065
4 7 21.821857
5 18 28.644752
5 12 12.178805
5 10 24.873407
6 17 10.375743
6 15 3.941472
6 13 3.893073
6 10 25.256299
7 18 28.202625
7 9 36.319182
7 8 35.257302
8 17 13.723172
8 15 45.937518
9 18 15.615955
9 11 18.572630
10 16 0.998907
11 18 21.157332
13 16 11.133768
14 18 21.039522
14 16 6.945627
14 15 25.344780
15 18 36.509710
17 18 6.877835
