15 34 1 26988 152 0
19.128801
33.200473
20.330773
28.356621
19.683337
26.599184
23.995913
20.099245
34.247301
6.047761
47.674749
5.461388
35.916199
0.397738
21.962606
0 10 20.089531
0 9 40.534157
0 8 38.653961
0 4 45.132743
1 10 8.952581
1 9 11.053295
1 8 1.586812
1 5 19.461557
1 4 30.699380
1 3 37.625094
2 14 22.345368
2 12 33.051914
2 9 48.471579
2 7 40.119362
3 9 25.015874
3 6 25.895572
3 5 17.344509
4 13 13.811013
4 11 3.612006
4 10 36.332750
4 6 43.136674
5 8 45.193167
5 7 8.956624
6 9 12.017807
7 14 17.316755
7 12 48.712006
7 10 13.867180
8 12 32.106735
8 9 20.863596
9 13 16.271725
9 11 12.743196
10 11 40.984875
12 14 8.597027
13 14 36.086176
