17 35 1 27962 222 0
5.769242
49.086519
24.224824
0.434406
40.936251
43.433664
3.539680
35.848442
35.462620
35.159129
3.259863
33.213007
35.052923
4.720887
24.583892
3.516869
28.276109
0 13 16.371426
0 11 1.793214
0 6 6.602075
0 3 12.433721
0 2 31.589652
1 3 38.004974
1 2 35.872169
2 16 29.041176
2 12 1.933675
2 4 25.894939
3 15 33.015262
3 13 30.829959
3 11 15.003244
3 7 3.227315
3 4 38.626858
4 16 48.000240
4 12 13.424124
4 11 40.426966
5 13 43.174228
6 14 27.640689
6 11 6.710612
7 13 48.035814
7 10 43.354514
7 8 27.541470
8 13 6.552571
8 12 40.655528
8 10 15.179790
9 16 7.742226
9 13 35.528453
9 10 49.907165
10 13 17.713724
11 13 29.153595
12 16 47.700858
12 14 1.164048
15 16 22.441248
