17 35 1 33677 438 0
47.398015
31.265562
15.628444
0.916036
31.268216
42.858865
27.145158
49.712201
30.091087
11.729146
49.233271
8.630850
19.905387
30.520725
44.963249
32.497574
17.880021
0 13 30.982714
0 11 38.490946
0 6 0.965674
0 3 28.860126
0 2 13.621053
1 3 34.607555
1 2 6.768877
2 16 32.416001
2 12 15.028269
2 4 19.302656
3 15 10.477195
3 13 37.978221
3 11 18.248128
3 7 42.111727
3 4 41.572320
4 16 16.648874
4 12 20.991066
4 11 41.774762
5 13 47.815916
6 14 17.529613
6 11 6.620202
7 13 46.454955
7 10 1.536993
7 8 1.423518
8 13 12.202993
8 12 24.452396
8 10 39.741031
9 16 44.886528
9 13 9.039687
9 10 6.758012
10 13 11.607556
11 13 23.167041
12 16 28.546706
12 14 4.555363
15 16 35.576691
