17 35 1 30970 84 0
27.088979
33.530222
0.263735
29.791880
3.933412
29.988027
39.113370
18.599093
6.940714
25.802097
32.594123
13.839024
13.396121
0.027027
15.661112
42.252913
37.083944
0 13 24.135048
0 11 5.810084
0 6 10.424001
0 3 22.575723
0 2 37.771236
1 3 35.992832
1 2 24.694448
2 16 12.448384
2 12 35.874277
2 4 12.158082
3 15 31.353634
3 13 22.803019
3 11 13.351298
3 7 20.551852
3 4 2.303156
4 16 0.462269
4 12 16.530020
4 11 9.969859
5 13 15.424672
6 14 3.005025
6 11 15.013619
7 13 38.555313
7 10 24.608400
7 8 47.932737
8 13 43.243961
8 12 26.344982
8 10 40.847994
9 16 31.753325
9 13 35.790044
9 10 17.577617
10 13 15.109942
11 13 14.531403
12 16 24.312239
12 14 8.593984
15 16 7.046845
