15 34 1 32020 278 0
26.367861
38.160499
44.801978
17.192005
4.177916
23.645032
33.729553
29.638605
21.792731
20.625494
42.496173
41.972592
34.466184
44.758538
26.896211
0 10 18.544131
0 9 10.364998
0 8 34.353381
0 4 1.736879
1 10 22.891286
1 9 24.170389
1 8 4.807381
1 5 19.215955
1 4 15.479305
1 3 20.687986
2 14 11.554370
2 12 16.400863
2 9 16.125749
2 7 33.689147
3 9 21.492541
3 6 34.994552
3 5 19.879520
4 13 19.798172
4 11 32.524680
4 10 16.591340
4 6 35.870728
5 8 45.970872
5 7 29.873173
6 9 16.564117
7 14 22.563281
7 12 28.023787
7 10 31.585121
8 12 25.310625
8 9 31.451007
9 13 5.809211
9 11 37.447457
10 11 42.980220
12 14 36.163313
13 14 11.559878
