17 35 1 3060 119 0
21.281557
32.727526
3.514293
47.722665
20.131776
6.672647
27.941571
46.949699
12.555519
17.734721
45.645919
42.766385
26.937905
5.946567
29.137220
39.376237
44.319485
0 13 49.458928
0 11 24.606849
0 6 16.118422
0 3 22.641846
0 2 21.475290
1 3 28.792960
1 2 23.251050
2 16 48.623249
2 12 37.791756
2 4 26.110353
3 15 24.287485
3 13 7.019923
3 11 18.705971
3 7 18.960111
3 4 28.923527
4 16 18.972023
4 12 10.471654
4 11 0.252563
5 13 8.225238
6 14 30.401592
6 11 6.786617
7 13 7.042219
7 10 43.472015
7 8 36.016243
8 13 2.011382
8 12 25.728175
8 10 35.186647
9 16 18.321073
9 13 32.534405
9 10 28.545156
10 13 45.617532
11 13 39.840387
12 16 41.096052
12 14 32.679262
15 16 12.987359
