15 34 1 37237 247 0
44.739901
10.109621
5.258490
17.775042
17.872035
39.674067
33.358835
29.325851
41.977568
32.528854
8.070784
48.233731
29.249385
26.382840
18.870563
0 10 15.939591
0 9 32.788548
0 8 27.131936
0 4 38.718053
1 10 44.425841
1 9 45.809501
1 8 20.338415
1 5 46.280482
1 4 27.006103
1 3 0.455083
2 14 24.262138
2 12 28.139981
2 9 32.106717
2 7 11.658773
3 9 39.918220
3 6 49.211011
3 5 17.399270
4 13 37.297901
4 11 18.168447
4 10 2.993713
4 6 42.880981
5 8 28.380040
5 7 31.069416
6 9 8.415989
7 14 31.050625
7 12 2.856665
7 10 49.000222
8 12 8.900752
8 9 41.665481
9 13 11.447388
9 11 8.601136
10 11 37.441512
12 14 42.657958
13 14 20.531612
