17 35 1 32740 187 0
18.559201
48.742476
3.329393
41.795252
10.205116
18.614976
12.781589
41.871068
18.868690
11.459616
16.865683
43.727487
45.974654
49.224047
23.065940
1.709676
14.847565
0 13 0.147497
0 11 27.499905
0 6 1.556619
0 3 39.587499
0 2 38.809062
1 3 8.890323
1 2 9.466203
2 16 38.437916
2 12 28.547998
2 4 18.413795
3 15 43.014758
3 13 16.031664
3 11 27.150546
3 7 0.449028
3 4 32.825091
4 16 41.222157
4 12 12.044223
4 11 42.354928
5 13 46.930945
6 14 1.577506
6 11 7.028587
7 13 5.618722
7 10 35.686434
7 8 24.703469
8 13 24.289807
8 12 11.397406
8 10 3.402127
9 16 21.778939
9 13 37.188222
9 10 6.927265
10 13 24.386671
11 13 2.985901
12 16 16.871485
12 14 0.031737
15 16 27.283256
