17 35 1 2242 412 0
12.898019
42.565456
25.993371
41.256031
35.824254
6.863471
1.532335
31.227394
13.456439
44.378287
28.662267
46.854060
35.591517
0.551070
43.778287
7.740610
44.395573
0 13 14.602571
0 11 23.286118
0 6 18.247412
0 3 40.825956
0 2 32.871810
1 3 15.248778
1 2 4.954562
2 16 42.222417
2 12 22.020932
2 4 33.344272
3 15 35.010782
3 13 42.340842
3 11 43.233932
3 7 14.980587
3 4 32.973189
4 16 38.180575
4 12 5.915380
4 11 40.203185
5 13 42.603172
6 14 14.627451
6 11 14.076902
7 13 4.799380
7 10 25.903790
7 8 16.551481
8 13 30.500244
8 12 26.809125
8 10 14.467418
9 16 44.900097
9 13 8.344869
9 10 1.486353
10 13 32.601880
11 13 38.893817
12 16 1.133621
12 14 12.680053
15 16 10.126143
