17 35 1 21750 61 0
45.570410
12.234900
20.910604
46.347813
16.879879
11.240723
9.641220
12.537652
34.572125
0.904245
44.298386
10.883349
19.597468
30.422998
20.844792
35.636825
42.313428
0 13 23.126312
0 11 42.439589
0 6 2.178662
0 3 18.286367
0 2 34.088511
1 3 35.625603
1 2 36.810649
2 16 31.062982
2 12 36.039303
2 4 15.925428
3 15 37.052015
3 13 31.852151
3 11 22.761466
3 7 7.553729
3 4 13.580292
4 16 45.497891
4 12 12.185152
4 11 2.988714
5 13 38.270622
6 14 49.739228
6 11 13.901981
7 13 7.851704
7 10 0.493529
7 8 49.758179
8 13 16.325481
8 12 33.812857
8 10 44.146687
9 16 41.333757
9 13 8.400509
9 10 20.092616
10 13 42.078041
11 13 8.687404
12 16 3.527987
12 14 18.627007
15 16 32.951200
