15 34 1 21142 8 0
17.119001
7.080710
7.134339
42.993609
18.492567
27.071055
44.823161
38.598298
30.851040
20.309810
19.771521
12.877393
48.270133
5.747525
10.957483
0 10 17.016521
0 9 43.099681
0 8 37.741556
0 4 34.566631
1 10 12.123526
1 9 36.954171
1 8 40.144585
1 5 44.087421
1 4 48.665250
1 3 2.956744
2 14 19.660698
2 12 36.482019
2 9 10.878838
2 7 28.030517
3 9 5.061962
3 6 34.713714
3 5 43.837679
4 13 40.911100
4 11 30.129795
4 10 39.231468
4 6 24.763395
5 8 37.194307
5 7 7.731888
6 9 10.730386
7 14 32.449858
7 12 48.055996
7 10 43.714928
8 12 10.369552
8 9 41.329844
9 13 28.349997
9 11 22.178111
10 11 18.470289
12 14 40.877107
13 14 47.595024
