17 35 1 39333 645 0
46.765018
26.217394
24.519171
11.458593
19.572419
5.154452
43.472909
34.707612
15.158573
14.422227
12.233119
21.640072
24.691393
38.652076
21.583020
32.153597
5.771847
0 13 18.339768
0 11 47.015192
0 6 40.860100
0 3 11.696663
0 2 26.099508
1 3 2.065798
1 2 33.848907
2 16 11.374071
2 12 6.956930
2 4 29.638720
3 15 16.305573
3 13 27.269956
3 11 26.579451
3 7 5.419193
3 4 20.493048
4 16 21.003374
4 12 19.110428
4 11 33.736686
5 13 14.064317
6 14 49.122113
6 11 15.534913
7 13 4.772878
7 10 33.625671
7 8 9.450120
8 13 38.979613
8 12 2.693983
8 10 3.435172
9 16 36.012986
9 13 28.873966
9 10 45.246151
10 13 29.004969
11 13 38.199829
12 16 34.268091
12 14 8.085925
15 16 17.369865
