16 27 1 2150 620 0
35.046761
13.021712
10.041074
41.771685
36.705295
27.088246
40.585094
0.565389
20.013365
41.260622
11.726049
8.827835
32.376240
5.980981
27.293732
3.414001
0 6 49.100727
0 4 24.733195
0 2 30.769499
1 13 8.442305
1 11 32.126454
3 12 27.012910
3 10 22.455577
3 6 36.061873
3 5 4.487992
4 15 49.274023
4 12 23.191193
4 7 41.758676
4 6 31.119739
5 11 2.032393
5 10 9.465706
5 9 16.909979
6 14 40.063067
6 12 33.293809
6 11 17.024075
7 14 45.412709
8 15 48.327087
8 14 13.465619
8 12 13.891898
10 15 28.285002
10 13 45.630440
10 12 9.573177
11 12 17.418142
