19 44 1 20566 249 0
11.021594
33.638279
20.789086
28.445586
42.227701
43.218968
11.800327
30.739000
7.354995
5.026806
46.529566
10.731412
24.135171
9.999390
19.775697
4.402792
20.886140
43.375031
23.569502
0 14 12.180752
0 12 45.005250
0 6 9.553428
0 3 2.123756
0 2 33.063738
1 18 5.515246
1 17 24.884700
1 7 19.757922
1 6 31.381226
1 5 15.130613
2 18 20.331886
2 16 8.649792
2 13 44.292590
2 10 0.838994
3 18 39.535321
3 14 22.264884
3 13 33.390049
3 9 7.807212
3 6 33.069999
4 18 18.090860
4 10 23.794074
4 7 15.102573
5 18 12.759631
5 12 2.009061
5 10 47.837386
6 17 6.261082
6 15 37.297093
6 13 49.232569
6 10 33.560056
7 18 30.285065
7 9 44.285587
7 8 24.811450
8 17 19.820083
8 15 20.619114
9 18 42.549630
9 11 19.023819
10 16 12.316080
11 18 15.022479
13 16 18.986887
14 18 19.216567
14 16 34.171214
14 15 34.993545
15 18 40.388524
17 18 3.057990
