18 32 1 31550 779 0
40.142105
2.518920
10.241921
4.564720
30.332567
42.266442
12.370544
3.473446
9.911399
18.719553
0.126271
32.807380
48.133065
15.732404
30.709542
18.919798
47.036222
46.727497
0 7 1.717344
0 2 48.281663
1 17 28.193558
1 7 17.088567
2 16 14.138360
2 14 10.808439
2 10 10.417865
2 9 27.175389
3 16 5.515263
3 8 12.926227
4 9 10.981402
4 7 36.605360
5 17 5.645006
5 10 26.840077
5 9 3.658224
5 6 33.082045
6 13 31.076814
7 16 31.259552
7 15 34.125685
7 13 24.810751
7 12 48.806353
8 17 22.920515
9 16 36.569733
11 17 29.884003
11 16 7.603860
11 12 9.970803
12 13 15.647856
13 17 29.692935
13 16 31.314589
13 15 7.647411
15 17 30.409312
15 16 40.348379
