18 32 1 21375 266 0
47.029126
2.451713
20.438153
6.754550
21.734428
30.281862
31.583020
15.674867
47.582697
43.351953
4.194052
48.162069
2.290979
30.734745
23.146978
29.100047
6.496148
25.380299
0 7 27.357998
0 2 3.220389
1 17 39.833632
1 7 1.417660
2 16 1.794236
2 14 12.410173
2 10 31.493991
2 9 33.611741
3 16 16.193848
3 8 32.214006
4 9 21.021037
4 7 41.128821
5 17 27.958772
5 10 5.949834
5 9 22.519848
5 6 26.486050
6 13 29.047695
7 16 0.714451
7 15 6.629074
7 13 32.588464
7 12 45.009216
8 17 39.583339
9 16 4.437935
11 17 28.435352
11 16 28.541250
11 12 18.408651
12 13 40.446060
13 17 24.777375
13 16 2.957273
13 15 19.510583
15 17 43.173192
15 16 25.354967
