19 44 1 21466 581 0
6.800471
12.169092
23.513197
49.407017
11.931200
31.021241
26.996822
37.322908
29.068586
18.228339
2.309976
18.950250
17.531082
43.213196
45.633234
5.753459
39.567858
17.470462
30.036558
0 14 39.886215
0 12 2.962388
0 6 10.721174
0 3 41.253263
0 2 38.132519
1 18 40.044713
1 17 27.945349
1 7 5.171471
1 6 14.145005
1 5 4.349187
2 18 15.261298
2 16 3.777889
2 13 40.108609
2 10 29.844781
3 18 36.558943
3 14 25.898625
3 13 12.095463
3 9 43.150884
3 6 46.663484
4 18 47.242075
4 10 5.549025
4 7 16.454278
5 18 39.500593
5 12 10.846740
5 10 7.818460
6 17 5.113512
6 15 37.773454
6 13 7.291306
6 10 5.882486
7 18 23.744130
7 9 34.451331
7 8 18.886586
8 17 28.503769
8 15 19.363431
9 18 46.441618
9 11 9.963256
10 16 3.892294
11 18 35.485017
13 16 48.043282
14 18 47.038485
14 16 11.527683
14 15 28.941501
15 18 11.043398
17 18 27.183199
