17 35 1 23530 313 0
35.230894
2.486145
49.227453
10.530674
35.510848
18.400273
34.553180
28.018016
28.762032
2.082783
6.393372
24.630366
48.619532
35.479033
28.679104
24.413001
39.501702
0 13 3.146958
0 11 34.241680
0 6 38.376210
0 3 42.951708
0 2 2.641270
1 3 15.987246
1 2 15.677920
2 16 12.769701
2 12 0.298912
2 4 3.674913
3 15 7.853555
3 13 47.461218
3 11 38.086300
3 7 8.555869
3 4 0.770688
4 16 13.067035
4 12 27.534260
4 11 22.393584
5 13 12.840662
6 14 9.308527
6 11 4.304139
7 13 43.020739
7 10 26.367233
7 8 38.146123
8 13 29.090815
8 12 45.365331
8 10 23.513965
9 16 46.880707
9 13 14.918133
9 10 35.165598
10 13 38.405446
11 13 19.606468
12 16 45.541349
12 14 31.850175
15 16 7.345345
