15 34 1 33937 317 0
40.750973
21.480256
16.889191
40.917509
21.007699
21.230505
22.173790
7.166536
28.310184
19.300151
43.981947
33.550092
0.115255
49.776478
11.586021
0 10 4.662047
0 9 10.763836
0 8 1.375582
0 4 40.741869
1 10 12.009999
1 9 41.837720
1 8 16.445299
1 5 11.762529
1 4 20.112682
1 3 35.177654
2 14 4.250484
2 12 33.203981
2 9 34.718343
2 7 5.398968
3 9 2.619387
3 6 29.854456
3 5 24.205539
4 13 18.051973
4 11 49.377988
4 10 7.611457
4 6 41.312809
5 8 46.655403
5 7 28.810886
6 9 26.046571
7 14 41.660717
7 12 9.953760
7 10 17.632383
8 12 7.328221
8 9 45.661873
9 13 20.619161
9 11 17.902635
10 11 5.562694
12 14 41.091909
13 14 17.689294
