17 35 1 26028 991 0
12.820025
23.741833
39.012473
36.566387
36.519250
40.206503
35.992803
45.949622
5.960944
41.967343
26.405998
26.015665
14.690724
5.377782
14.489429
10.311111
7.005847
0 13 34.215513
0 11 9.786442
0 6 11.175423
0 3 2.868221
0 2 5.111472
1 3 28.268092
1 2 24.123057
2 16 16.794861
2 12 48.893287
2 4 34.384140
3 15 39.354051
3 13 45.060733
3 11 6.739760
3 7 46.012119
3 4 35.565828
4 16 19.123389
4 12 31.522533
4 11 32.789907
5 13 28.716821
6 14 2.160918
6 11 2.893514
7 13 37.803130
7 10 40.309825
7 8 24.881462
8 13 7.959238
8 12 28.302901
8 10 39.599364
9 16 28.634684
9 13 44.440033
9 10 8.456666
10 13 30.970031
11 13 49.787202
12 16 6.489886
12 14 5.190521
15 16 18.235236
