18 32 1 21185 310 0
26.751700
45.299770
9.836846
44.972443
39.355627
41.870013
0.437591
22.081896
39.830288
9.162934
34.355686
13.099059
18.743496
47.183897
46.535445
16.005769
23.826756
49.761960
0 7 13.961883
0 2 47.309101
1 17 1.656262
1 7 1.328849
2 16 30.095908
2 14 22.362536
2 10 18.338506
2 9 2.246292
3 16 44.086679
3 8 20.045365
4 9 13.683814
4 7 3.687204
5 17 22.974712
5 10 45.223397
5 9 38.436469
5 6 19.272117
6 13 33.788943
7 16 35.754210
7 15 41.018965
7 13 34.210491
7 12 30.161069
8 17 28.061396
9 16 5.687263
11 17 26.674926
11 16 21.909606
11 12 44.298211
12 13 6.595945
13 17 33.632919
13 16 20.416116
13 15 49.080813
15 17 47.906469
15 16 11.250938
