16 27 1 23880 211 0
11.211942
16.893338
11.342933
39.046504
36.870832
18.276658
41.142107
26.149003
39.836946
14.243307
19.879176
29.646720
43.273455
26.568592
14.446177
31.343082
0 6 10.327151
0 4 19.309969
0 2 31.191226
1 13 12.196683
1 11 40.180147
3 12 39.945920
3 10 42.260375
3 6 35.433744
3 5 39.569647
4 15 42.518822
4 12 15.053335
4 7 2.589482
4 6 47.904237
5 11 34.537001
5 10 49.037250
5 9 22.520774
6 14 46.688597
6 12 37.211374
6 11 38.017897
7 14 20.387180
8 15 30.420729
8 14 23.896596
8 12 33.009409
10 15 26.153422
10 13 6.107017
10 12 49.019535
11 12 2.333174
