16 27 1 35090 116 0
49.095082
13.774382
10.256954
4.341639
37.026216
42.835021
30.292820
13.402785
32.283053
6.697274
20.989323
10.218733
18.459979
13.828112
36.791985
40.724791
0 6 37.691987
0 4 28.727274
0 2 2.837227
1 13 24.473990
1 11 31.151704
3 12 36.304724
3 10 41.551198
3 6 36.987986
3 5 39.684040
4 15 44.987918
4 12 40.079961
4 7 40.113041
4 6 31.978012
5 11 32.581747
5 10 24.930475
5 9 41.162782
6 14 2.733203
6 12 47.904188
6 11 22.044110
7 14 21.141773
8 15 4.160177
8 14 46.209379
8 12 33.356156
10 15 36.357654
10 13 30.442306
10 12 49.750452
11 12 6.626311
