18 32 1 23550 34 0
41.027593
31.878531
38.286690
29.433039
30.111164
7.893158
45.372745
25.652513
49.893211
27.222920
34.034524
7.238556
18.381622
7.898468
18.888039
34.836097
24.783151
0.519581
0 7 27.657805
0 2 20.297247
1 17 49.224213
1 7 11.998844
2 16 17.008616
2 14 23.525538
2 10 42.276447
2 9 45.600078
3 16 43.986170
3 8 38.456295
4 9 1.363755
4 7 16.581834
5 17 45.588061
5 10 43.296747
5 9 19.799552
5 6 14.995682
6 13 15.538172
7 16 44.603016
7 15 17.188877
7 13 2.696907
7 12 26.280440
8 17 47.919041
9 16 40.775576
11 17 49.120023
11 16 19.230361
11 12 24.120659
12 13 25.925823
13 17 5.992396
13 16 25.665948
13 15 35.989984
15 17 17.369040
15 16 42.922858
