15 34 1 22840 244 0
45.884293
36.714721
1.746594
1.670893
7.856152
29.001163
47.444786
25.849348
14.432842
12.511332
3.498186
21.697092
21.350348
12.526742
21.609538
0 10 42.111323
0 9 5.801367
0 8 48.556576
0 4 20.264827
1 10 14.878000
1 9 16.249804
1 8 46.293790
1 5 18.699518
1 4 4.802914
1 3 33.372331
2 14 13.270392
2 12 3.918593
2 9 26.806336
2 7 42.617926
3 9 37.780273
3 6 20.112965
3 5 29.380693
4 13 1.288870
4 11 48.452371
4 10 45.568561
4 6 13.046240
5 8 1.349019
5 7 20.736986
6 9 40.965767
7 14 25.462777
7 12 32.013706
7 10 36.711592
8 12 27.852908
8 9 2.362224
9 13 12.021355
9 11 25.615501
10 11 20.034093
12 14 8.048653
13 14 32.933462
