19 44 1 20550 380 0
23.042604
18.893233
19.267221
29.337673
42.459702
42.462463
33.253270
48.759429
35.630119
39.216977
44.728140
33.719876
27.298540
18.265391
0.020565
14.078050
48.917215
5.061575
19.991007
0 14 18.939151
0 12 34.566238
0 6 11.303134
0 3 24.602870
0 2 43.940990
1 18 47.534246
1 17 20.399993
1 7 35.277369
1 6 8.887181
1 5 32.990936
2 18 13.369951
2 16 2.374750
2 13 49.506454
2 10 47.110392
3 18 19.557357
3 14 33.575510
3 13 6.242761
3 9 5.319007
3 6 15.930748
4 18 41.706144
4 10 27.279266
4 7 25.881887
5 18 5.667869
5 12 47.416925
5 10 38.899088
6 17 22.201659
6 15 2.615776
6 13 49.358866
6 10 45.216552
7 18 15.706733
7 9 48.641226
7 8 3.270416
8 17 17.423992
8 15 22.429883
9 18 38.511299
9 11 43.226479
10 16 3.376417
11 18 13.469824
13 16 30.267621
14 18 23.599334
14 16 41.294612
14 15 21.435748
15 18 20.377403
17 18 46.032617
