18 32 1 21325 368 0
0.192932
43.658737
21.897033
48.110019
8.733040
35.051808
11.894151
36.672716
48.017641
42.503105
49.308610
15.266891
28.384779
37.902776
27.605066
43.358613
3.703713
28.460928
0 7 29.434686
0 2 19.921022
1 17 10.229630
1 7 41.126998
2 16 11.199201
2 14 3.578841
2 10 48.358356
2 9 28.782191
3 16 1.881792
3 8 5.307197
4 9 24.187947
4 7 6.279049
5 17 18.591729
5 10 11.399334
5 9 28.022441
5 6 24.657723
6 13 36.940463
7 16 33.278538
7 15 38.021509
7 13 17.870042
7 12 27.248412
8 17 34.344163
9 16 25.220656
11 17 45.862157
11 16 0.641585
11 12 40.878391
12 13 4.494192
13 17 48.326090
13 16 31.821267
13 15 19.282716
15 17 24.828470
15 16 17.300835
