18 32 1 31733 55 0
46.157539
14.058360
49.549380
23.363261
27.132397
23.321324
8.224225
38.470508
16.947083
32.341718
18.031390
39.088230
19.704661
1.031607
36.546080
37.738292
46.357132
45.549888
0 7 42.838316
0 2 38.842691
1 17 41.317715
1 7 14.994571
2 16 29.971904
2 14 11.356256
2 10 3.879493
2 9 38.820051
3 16 30.877056
3 8 26.750197
4 9 4.422956
4 7 21.443000
5 17 32.785510
5 10 23.485953
5 9 28.885952
5 6 14.881478
6 13 12.994232
7 16 29.595998
7 15 14.066068
7 13 9.831557
7 12 27.510856
8 17 18.799663
9 16 28.701608
11 17 34.819221
11 16 23.572162
11 12 48.679946
12 13 5.266697
13 17 0.449463
13 16 11.270607
13 15 7.383798
15 17 43.778501
15 16 11.880827
