18 32 1 36075 878 0
34.853360
23.529558
23.629072
32.030294
48.859897
28.063399
11.897189
15.478339
46.210802
8.200434
3.696178
7.991450
25.548863
17.466622
29.694381
36.767032
42.741453
7.966704
0 7 20.761673
0 2 6.056396
1 17 40.523891
1 7 4.466321
2 16 2.155628
2 14 17.380838
2 10 6.907037
2 9 34.318200
3 16 34.264491
3 8 8.599507
4 9 48.656437
4 7 4.362114
5 17 12.801759
5 10 19.819237
5 9 16.678009
5 6 0.462844
6 13 25.187014
7 16 7.263618
7 15 38.241825
7 13 7.425869
7 12 15.600469
8 17 1.186096
9 16 27.040905
11 17 3.043614
11 16 18.682394
11 12 7.467076
12 13 16.453431
13 17 19.691446
13 16 41.740167
13 15 21.751330
15 17 2.071372
15 16 45.857858
