16 27 1 23171 103 0
29.668928
19.086550
46.187598
42.009206
22.944496
2.298124
20.273616
39.891037
3.075912
8.186960
40.799805
3.816053
34.509626
42.527290
46.228764
44.302363
0 6 39.311944
0 4 9.318536
0 2 0.147480
1 13 16.785374
1 11 35.562927
3 12 43.301977
3 10 2.542919
3 6 13.639392
3 5 3.014067
4 15 24.221053
4 12 12.125114
4 7 15.849600
4 6 2.681629
5 11 19.017079
5 10 49.176695
5 9 31.493618
6 14 8.006731
6 12 1.987724
6 11 20.404008
7 14 43.527645
8 15 36.053805
8 14 12.921580
8 12 20.757139
10 15 20.808571
10 13 36.387962
10 12 49.729768
11 12 39.524292
