19 44 1 28060 1208 0
17.472287
10.628673
22.410800
6.303056
16.319118
37.462922
22.718357
16.384618
15.956107
36.269371
23.579244
41.776893
35.272882
24.335497
7.203329
47.209617
20.040732
39.094690
9.580219
0 14 20.471138
0 12 17.474740
0 6 38.555845
0 3 14.033404
0 2 10.194169
1 18 14.736176
1 17 40.025681
1 7 32.469511
1 6 41.683967
1 5 19.047094
2 18 35.888541
2 16 31.647830
2 13 40.589347
2 10 34.868763
3 18 26.024059
3 14 47.379183
3 13 34.325565
3 9 35.631171
3 6 41.678015
4 18 33.158426
4 10 22.217968
4 7 11.930896
5 18 23.259451
5 12 8.572385
5 10 14.332841
6 17 23.012004
6 15 32.935943
6 13 27.886816
6 10 10.643161
7 18 11.324254
7 9 36.719031
7 8 33.162418
8 17 23.557360
8 15 43.926007
9 18 18.458163
9 11 17.107560
10 16 24.979034
11 18 2.919779
13 16 23.438863
14 18 13.181904
14 16 39.111642
14 15 37.993086
15 18 40.853742
17 18 45.572876
