18 32 1 29270 659 0
45.251488
7.859244
30.653145
33.186878
12.093828
39.236643
11.086426
16.460580
5.317167
32.568291
38.523830
30.273386
31.242866
33.250999
29.541069
9.652802
17.256817
31.812056
0 7 28.298790
0 2 44.462664
1 17 13.025542
1 7 12.853584
2 16 37.922980
2 14 34.702181
2 10 48.117568
2 9 9.158196
3 16 13.140547
3 8 18.007356
4 9 37.712604
4 7 6.795264
5 17 3.597910
5 10 9.487433
5 9 47.690931
5 6 14.951035
6 13 22.373115
7 16 3.953142
7 15 15.680743
7 13 18.535327
7 12 43.960953
8 17 4.902675
9 16 33.191178
11 17 20.849234
11 16 35.312895
11 12 20.558698
12 13 12.181114
13 17 49.261933
13 16 15.392092
13 15 48.918002
15 17 35.493617
15 16 39.072745
