15 34 1 36860 156 0
42.576428
15.731827
45.361084
22.776678
26.391755
31.436134
8.982275
7.630317
49.149332
5.604725
8.481714
32.490965
2.367340
34.524135
17.683438
0 10 19.381213
0 9 25.766106
0 8 8.668272
0 4 35.034539
1 10 3.312210
1 9 36.252692
1 8 41.104369
1 5 30.138355
1 4 24.842718
1 3 10.432083
2 14 22.261937
2 12 6.601672
2 9 41.017549
2 7 38.373968
3 9 14.573737
3 6 41.191952
3 5 35.982088
4 13 15.276562
4 11 22.137452
4 10 3.487130
4 6 8.913531
5 8 19.030929
5 7 22.006112
6 9 15.088899
7 14 45.039466
7 12 44.468227
7 10 17.389199
8 12 47.193658
8 9 13.276296
9 13 31.915261
9 11 8.465730
10 11 11.804983
12 14 40.065272
13 14 39.098179
