18 32 1 31233 103 0
33.396863
34.738093
28.033566
47.361952
14.495391
15.619405
3.037853
2.619210
11.247280
40.726844
9.982877
43.530471
28.073247
27.032027
1.912700
14.237905
47.718482
37.129333
0 7 39.655631
0 2 31.131866
1 17 15.772177
1 7 40.284211
2 16 39.834163
2 14 40.656963
2 10 12.810118
2 9 15.257842
3 16 21.415778
3 8 6.463089
4 9 32.372443
4 7 15.180475
5 17 11.240839
5 10 19.387347
5 9 7.491627
5 6 0.282873
6 13 6.830215
7 16 44.450976
7 15 36.828455
7 13 44.672066
7 12 26.481551
8 17 7.182367
9 16 9.382855
11 17 30.135354
11 16 2.193442
11 12 5.252263
12 13 4.308812
13 17 26.921205
13 16 13.686460
13 15 28.703191
15 17 13.414379
15 16 18.325344
