16 27 1 39480 1239 0
8.156378
37.151130
10.570891
23.368016
14.787703
1.655120
5.676967
18.196994
26.694658
35.138762
44.888301
35.931305
20.333358
31.002977
1.937915
49.236002
0 6 36.168009
0 4 31.318411
0 2 47.624778
1 13 31.438097
1 11 45.969942
3 12 45.450688
3 10 21.584702
3 6 5.410967
3 5 36.795940
4 15 3.109096
4 12 17.636978
4 7 19.780637
4 6 43.924824
5 11 30.262940
5 10 45.671916
5 9 13.494184
6 14 9.124794
6 12 46.785124
6 11 3.634279
7 14 42.475114
8 15 37.140245
8 14 38.760625
8 12 37.570613
10 15 38.466027
10 13 10.153450
10 12 25.950197
11 12 0.361185
