18 32 1 28040 157 0
44.854123
20.935196
19.551179
12.754071
33.886539
38.316785
36.432501
42.278049
27.480728
1.387356
26.859276
37.500641
9.776188
22.911135
45.090053
13.509258
17.550250
5.930912
0 7 37.998165
0 2 22.565893
1 17 39.210551
1 7 25.329738
2 16 6.051791
2 14 49.520932
2 10 27.584533
2 9 13.441062
3 16 7.129126
3 8 35.452497
4 9 39.605650
4 7 44.948983
5 17 0.433866
5 10 39.376060
5 9 18.234429
5 6 1.454832
6 13 43.527438
7 16 33.622560
7 15 16.494466
7 13 6.169513
7 12 38.830768
8 17 15.052123
9 16 0.065500
11 17 13.551014
11 16 25.820786
11 12 0.756253
12 13 11.936736
13 17 31.891361
13 16 0.430406
13 15 7.894521
15 17 28.193733
15 16 24.897430
