17 35 1 39180 1045 0
32.575427
7.463052
6.203546
16.786184
8.614330
16.363861
49.610701
1.732969
24.022964
31.171646
38.602118
49.615629
18.942556
31.553327
20.198114
46.172638
40.914145
0 13 34.315757
0 11 0.691487
0 6 42.627675
0 3 37.915256
0 2 6.889527
1 3 4.144760
1 2 47.173215
2 16 21.511020
2 12 45.004103
2 4 13.250598
3 15 37.907905
3 13 35.390928
3 11 3.585685
3 7 38.022107
3 4 5.204671
4 16 26.053157
4 12 17.841461
4 11 34.816504
5 13 49.668731
6 14 28.409672
6 11 13.729188
7 13 45.493852
7 10 21.354989
7 8 15.538670
8 13 5.302076
8 12 27.727056
8 10 43.772834
9 16 12.289532
9 13 48.124541
9 10 32.497532
10 13 34.506385
11 13 42.849640
12 16 35.295333
12 14 12.816982
15 16 0.397904
