19 44 1 25183 81 0
9.083240
24.209630
5.409505
4.441920
42.567922
32.592169
9.240108
36.295939
39.216744
38.853595
24.237661
8.749232
42.960517
26.138423
4.560461
47.740013
18.281508
7.673446
4.132706
0 14 35.056517
0 12 47.909830
0 6 26.888296
0 3 49.606511
0 2 31.699548
1 18 3.572809
1 17 47.198530
1 7 11.084037
1 6 20.350361
1 5 10.880557
2 18 32.892951
2 16 30.883961
2 13 42.694668
2 10 46.202644
3 18 25.303892
3 14 44.567387
3 13 20.406816
3 9 37.202368
3 6 2.946132
4 18 8.356781
4 10 24.924168
4 7 40.320212
5 18 39.712029
5 12 23.763147
5 10 45.080456
6 17 16.708690
6 15 34.377855
6 13 19.615589
6 10 4.615034
7 18 17.507204
7 9 19.694324
7 8 40.279335
8 17 4.551806
8 15 37.396252
9 18 14.290582
9 11 42.143618
10 16 7.682623
11 18 11.337448
13 16 33.868080
14 18 7.457042
14 16 19.744298
14 15 6.921942
15 18 21.758382
17 18 31.194676
