17 35 1 39283 206 0
49.714955
24.227771
28.770585
45.892990
29.875535
7.488344
5.304226
6.368275
36.855611
41.615399
29.641208
23.287782
0.240877
27.427779
11.014018
39.572346
40.962082
0 13 46.623105
0 11 12.346920
0 6 22.367099
0 3 23.854441
0 2 23.757369
1 3 10.882641
1 2 42.880767
2 16 40.610147
2 12 0.384846
2 4 46.984073
3 15 41.807363
3 13 44.728801
3 11 32.993556
3 7 33.663639
3 4 29.030601
4 16 1.383417
4 12 27.432588
4 11 2.835020
5 13 7.127606
6 14 6.438101
6 11 36.488072
7 13 21.780167
7 10 38.935002
7 8 46.477377
8 13 48.893450
8 12 47.193037
8 10 46.813799
9 16 24.123575
9 13 9.938421
9 10 40.228690
10 13 31.023199
11 13 14.622728
12 16 5.342444
12 14 8.255474
15 16 44.147209
