18 32 1 26725 44 0
24.795893
16.908492
22.008684
28.879942
13.182514
42.330183
3.559486
5.072347
43.692030
1.701450
34.524243
23.115998
2.228150
40.532343
1.203612
36.715835
17.894735
21.860494
0 7 6.308753
0 2 13.157209
1 17 41.721585
1 7 27.919639
2 16 35.901730
2 14 25.781177
2 10 2.688194
2 9 48.561482
3 16 29.457012
3 8 17.027062
4 9 16.816343
4 7 34.717948
5 17 33.835090
5 10 41.872929
5 9 23.661933
5 6 6.899195
6 13 46.644406
7 16 8.216317
7 15 13.164647
7 13 36.296483
7 12 4.589274
8 17 30.719367
9 16 12.654731
11 17 31.974347
11 16 41.024845
11 12 25.128242
12 13 9.720500
13 17 9.181773
13 16 46.792289
13 15 28.594291
15 17 10.822366
15 16 0.424909
