17 35 1 37060 82 0
30.995356
18.831728
44.226174
43.796790
49.833286
22.435014
14.075852
45.263702
33.203523
36.488806
40.694300
31.498326
40.117806
14.043523
26.563616
20.129554
12.757939
0 13 25.867226
0 11 16.367458
0 6 46.336795
0 3 3.315885
0 2 41.037381
1 3 30.408279
1 2 8.797527
2 16 36.499840
2 12 8.204409
2 4 27.462541
3 15 44.372482
3 13 13.842946
3 11 13.420543
3 7 20.979094
3 4 21.904887
4 16 40.222005
4 12 37.669278
4 11 17.403251
5 13 19.924947
6 14 22.009065
6 11 37.104553
7 13 16.466811
7 10 16.395580
7 8 23.531335
8 13 33.263281
8 12 5.239411
8 10 23.720119
9 16 8.497051
9 13 14.423628
9 10 14.604728
10 13 20.584794
11 13 34.100628
12 16 11.416197
12 14 42.260146
15 16 22.223015
