16 27 1 2362 547 0
29.739996
22.297082
23.815622
18.305465
21.117134
20.461903
34.167391
4.064100
2.691773
37.717017
19.792683
11.826223
13.688565
32.449194
35.659211
17.485248
0 6 24.213736
0 4 15.696862
0 2 26.489876
1 13 30.224948
1 11 28.677553
3 12 26.364543
3 10 30.683523
3 6 16.201235
3 5 15.377334
4 15 28.728985
4 12 10.478760
4 7 40.558568
4 6 0.613393
5 11 24.996756
5 10 42.800444
5 9 31.787206
6 14 16.081337
6 12 31.862396
6 11 0.423124
7 14 39.546870
8 15 23.579712
8 14 13.845534
8 12 8.991664
10 15 14.686754
10 13 20.063626
10 12 10.863466
11 12 6.312114
