16 27 1 41371 1261 0
33.736826
37.672682
36.581989
48.416999
36.784246
32.499556
35.552943
11.762728
6.942631
46.695644
3.339959
40.280749
39.117916
23.824339
5.684902
27.205060
0 6 37.488997
0 4 24.882426
0 2 21.264886
1 13 9.415257
1 11 9.669744
3 12 26.449298
3 10 27.220242
3 6 28.998329
3 5 18.135494
4 15 9.374067
4 12 48.079875
4 7 16.682469
4 6 41.622654
5 11 45.303255
5 10 43.846767
5 9 7.945630
6 14 33.940022
6 12 24.212176
6 11 9.876858
7 14 26.319580
8 15 17.807194
8 14 27.524224
8 12 33.231690
10 15 5.984503
10 13 22.102871
10 12 6.286925
11 12 10.285580
