17 35 1 23570 538 0
2.692656
40.541923
16.183436
28.681239
32.569079
22.967130
4.492643
37.253570
2.272316
17.791832
25.003572
30.687945
4.162812
34.784144
25.578541
42.708705
4.680370
0 13 39.070374
0 11 10.353652
0 6 40.253285
0 3 17.547958
0 2 6.894158
1 3 14.510988
1 2 9.142869
2 16 32.646236
2 12 12.249155
2 4 32.253871
3 15 15.820118
3 13 37.488601
3 11 44.511013
3 7 37.774762
3 4 43.755087
4 16 33.975528
4 12 12.246462
4 11 30.235832
5 13 47.720392
6 14 45.599316
6 11 39.882290
7 13 34.568131
7 10 6.176023
7 8 48.709951
8 13 28.541843
8 12 3.641463
8 10 0.471264
9 16 27.973910
9 13 9.306610
9 10 24.277435
10 13 46.232140
11 13 35.887157
12 16 2.582143
12 14 10.978349
15 16 13.906779
