17 35 1 20960 68 0
43.220502
42.631174
37.570830
7.417500
13.371292
25.186870
20.861753
40.921111
39.996302
13.457931
24.704790
10.173610
15.831660
29.007453
46.008156
8.357721
11.959632
0 13 1.052372
0 11 33.348016
0 6 41.624348
0 3 8.482332
0 2 22.758461
1 3 11.851835
1 2 36.852930
2 16 15.903211
2 12 49.345776
2 4 42.855397
3 15 44.182465
3 13 14.528948
3 11 8.481298
3 7 23.472056
3 4 20.710715
4 16 49.448383
4 12 14.016670
4 11 23.937975
5 13 12.477017
6 14 27.066642
6 11 25.632958
7 13 7.918187
7 10 0.693423
7 8 41.969994
8 13 47.142111
8 12 24.571846
8 10 18.601898
9 16 48.964971
9 13 13.803352
9 10 14.571946
10 13 4.266805
11 13 6.277153
12 16 46.816728
12 14 23.924492
15 16 12.635434
