16 27 1 38425 280 0
24.524655
47.147180
7.435060
3.318808
43.123294
10.916096
29.292866
42.434768
7.832518
24.886785
29.261703
38.613743
21.633432
27.510147
23.180787
6.856635
0 6 3.387447
0 4 17.538323
0 2 40.494565
1 13 21.191720
1 11 17.877923
3 12 11.680505
3 10 20.733976
3 6 7.277256
3 5 37.336779
4 15 48.577439
4 12 25.628412
4 7 22.894840
4 6 2.757090
5 11 22.074673
5 10 29.666690
5 9 31.247157
6 14 2.627954
6 12 32.956521
6 11 0.825383
7 14 13.946060
8 15 29.679658
8 14 49.565260
8 12 15.816163
10 15 45.672264
10 13 21.554832
10 12 33.613015
11 12 22.120008
