16 27 1 40260 867 0
49.113088
34.616493
24.639436
30.119115
21.367674
18.895423
22.358712
49.052900
5.827146
29.158024
31.620844
32.671932
1.286255
44.838223
0.437853
25.626794
0 6 2.152565
0 4 10.867415
0 2 31.751440
1 13 1.099188
1 11 44.801799
3 12 3.844834
3 10 43.674201
3 6 23.079999
3 5 47.283410
4 15 22.906403
4 12 16.614858
4 7 17.703984
4 6 24.423139
5 11 5.113936
5 10 44.163052
5 9 1.336188
6 14 39.328995
6 12 14.341585
6 11 10.981431
7 14 28.491006
8 15 6.460520
8 14 20.449331
8 12 45.002757
10 15 42.922009
10 13 41.248765
10 12 10.937251
11 12 11.093526
