17 35 1 35080 1494 0
34.921623
29.055980
43.784491
32.125561
4.783951
4.042348
40.574432
29.748648
28.085234
31.617683
34.904980
4.042281
10.149924
25.143853
45.772837
21.356661
5.235567
0 13 42.700775
0 11 19.686624
0 6 20.346087
0 3 26.513216
0 2 27.293339
1 3 10.872285
1 2 36.864693
2 16 34.169973
2 12 49.082387
2 4 20.704624
3 15 6.869966
3 13 31.209969
3 11 35.358252
3 7 48.637572
3 4 31.025087
4 16 15.737672
4 12 22.910272
4 11 41.602528
5 13 5.570871
6 14 7.999267
6 11 2.461190
7 13 32.112560
7 10 24.169447
7 8 5.246557
8 13 32.578067
8 12 26.376569
8 10 26.404454
9 16 27.935680
9 13 42.838789
9 10 22.264811
10 13 46.567485
11 13 47.589738
12 16 23.426779
12 14 12.734115
15 16 7.308009
