19 44 1 37225 406 0
8.676294
24.363266
28.454875
22.819631
18.472480
46.421457
15.041062
17.280716
24.126553
28.620131
19.233057
16.124375
33.703301
42.812087
25.365854
20.633153
37.805516
41.600976
16.080209
0 14 24.448211
0 12 5.578448
0 6 44.999743
0 3 25.543881
0 2 41.037574
1 18 36.064739
1 17 22.276007
1 7 42.419162
1 6 28.900485
1 5 10.136700
2 18 12.967172
2 16 15.414258
2 13 22.460131
2 10 4.457401
3 18 46.031861
3 14 9.173493
3 13 9.015522
3 9 28.147522
3 6 42.548652
4 18 17.887924
4 10 17.291116
4 7 47.550513
5 18 14.380668
5 12 34.662762
5 10 28.810293
6 17 39.462355
6 15 33.556292
6 13 20.869012
6 10 13.102958
7 18 49.109707
7 9 21.384790
7 8 29.614891
8 17 23.035141
8 15 34.415577
9 18 11.453816
9 11 49.170019
10 16 6.256164
11 18 18.312056
13 16 36.690206
14 18 13.917985
14 16 47.774279
14 15 7.277963
15 18 8.256953
17 18 37.346994
