18 32 1 24233 362 0
17.817713
42.835732
43.127580
41.131966
6.697232
5.479777
36.651160
19.736781
20.815363
3.058300
3.744669
25.987209
40.416246
19.192554
45.912378
12.756856
41.180729
36.554323
0 7 7.458063
0 2 19.322684
1 17 35.980663
1 7 32.230817
2 16 49.969475
2 14 39.460574
2 10 45.499927
2 9 16.999684
3 16 48.410252
3 8 44.107284
4 9 43.433697
4 7 38.119712
5 17 40.909857
5 10 16.370920
5 9 41.292814
5 6 23.376558
6 13 38.119951
7 16 23.675450
7 15 30.606380
7 13 29.669273
7 12 27.221465
8 17 4.739807
9 16 26.408133
11 17 11.348899
11 16 45.436407
11 12 9.879797
12 13 20.378831
13 17 36.048469
13 16 26.535466
13 15 48.110923
15 17 9.971038
15 16 16.579158
