19 44 1 22640 287 0
17.230553
34.067773
45.435013
21.187093
16.424615
24.988604
39.385005
40.375695
23.653392
38.880088
11.783444
35.503935
8.312057
25.659055
20.533470
28.701788
19.851799
8.457973
31.724215
0 14 45.623999
0 12 31.851230
0 6 10.506702
0 3 19.257932
0 2 26.416937
1 18 47.489733
1 17 14.809552
1 7 2.706328
1 6 47.982121
1 5 25.381650
2 18 1.348324
2 16 0.141259
2 13 22.573795
2 10 7.385728
3 18 45.652114
3 14 32.999798
3 13 39.352150
3 9 43.988563
3 6 21.151045
4 18 19.206019
4 10 10.825495
4 7 4.839298
5 18 48.253258
5 12 11.631691
5 10 35.240558
6 17 34.593194
6 15 1.275078
6 13 23.441141
6 10 10.534768
7 18 25.124455
7 9 46.670571
7 8 47.462995
8 17 22.975282
8 15 35.881571
9 18 4.698054
9 11 41.694309
10 16 21.783342
11 18 41.158595
13 16 4.079232
14 18 16.271979
14 16 39.803627
14 15 25.908672
15 18 35.599626
17 18 14.927578
