16 27 1 3450 200 0
7.191802
25.760223
20.840735
12.829193
29.385251
29.044062
37.883181
8.953776
17.659898
45.700680
44.133273
34.227816
21.530615
6.294799
25.394871
4.146396
0 6 4.239962
0 4 20.048538
0 2 30.765976
1 13 27.378999
1 11 28.154518
3 12 6.946554
3 10 35.950372
3 6 3.907429
3 5 16.157875
4 15 5.971367
4 12 3.792226
4 7 4.496901
4 6 39.555228
5 11 5.679941
5 10 4.924973
5 9 15.232239
6 14 2.202418
6 12 24.991121
6 11 13.481413
7 14 32.490294
8 15 35.928104
8 14 33.482609
8 12 29.834500
10 15 15.020649
10 13 12.138202
10 12 41.535501
11 12 14.846565
