17 35 1 24866 433 0
34.101167
16.775442
31.740269
33.525282
47.858399
35.519147
10.798771
16.692164
27.596513
18.791767
45.289838
21.477856
34.718020
46.111642
38.899239
44.473156
15.255628
0 13 33.257000
0 11 3.584443
0 6 22.589109
0 3 29.667865
0 2 9.736210
1 3 14.412399
1 2 40.453707
2 16 12.102168
2 12 7.315154
2 4 5.087548
3 15 6.426222
3 13 20.430814
3 11 17.069551
3 7 9.936008
3 4 30.807909
4 16 28.436821
4 12 47.269756
4 11 31.175219
5 13 15.777512
6 14 8.141221
6 11 30.304210
7 13 3.514724
7 10 48.128505
7 8 27.987066
8 13 11.244343
8 12 48.277961
8 10 4.854327
9 16 42.888553
9 13 10.617445
9 10 35.105072
10 13 7.233726
11 13 5.490264
12 16 45.563157
12 14 24.362347
15 16 47.508568
