16 27 1 41283 1122 0
47.202365
28.714835
9.215665
43.839652
38.755621
32.858318
8.165536
36.424574
28.854390
39.888911
29.116477
39.468124
29.179779
36.782097
48.719966
2.404908
0 6 35.754451
0 4 43.890755
0 2 25.065116
1 13 26.005187
1 11 46.333950
3 12 29.163738
3 10 16.980344
3 6 7.362067
3 5 13.180152
4 15 8.022361
4 12 49.436050
4 7 38.360347
4 6 6.076808
5 11 17.758563
5 10 4.258922
5 9 37.661494
6 14 14.543049
6 12 5.679932
6 11 24.510739
7 14 13.434575
8 15 29.792746
8 14 12.341149
8 12 27.063630
10 15 10.955798
10 13 36.280947
10 12 42.179555
11 12 35.166055
