17 35 1 20755 1047 0
7.457506
30.286253
45.302027
5.387469
26.331543
36.801902
11.563922
41.642909
10.062861
4.236350
24.612361
34.757083
32.298033
0.251956
8.049049
5.443803
3.991579
0 13 36.762090
0 11 1.819493
0 6 14.093575
0 3 35.305069
0 2 27.672790
1 3 19.899806
1 2 12.828878
2 16 22.061925
2 12 11.340128
2 4 19.446674
3 15 39.013316
3 13 8.204892
3 11 35.701944
3 7 25.547699
3 4 1.011024
4 16 39.945479
4 12 39.157604
4 11 24.297032
5 13 48.130716
6 14 29.607172
6 11 16.280800
7 13 40.407924
7 10 15.545079
7 8 22.224809
8 13 39.919242
8 12 25.027237
8 10 2.761066
9 16 22.182224
9 13 26.194104
9 10 24.416909
10 13 28.721425
11 13 14.978242
12 16 6.127360
12 14 21.130209
15 16 48.877376
