18 32 1 23050 107 0
49.222856
35.929149
1.131107
23.177113
32.644823
19.957342
20.243593
30.711686
26.749831
23.633405
8.699466
30.920542
27.536028
37.164045
10.727616
14.088202
12.068009
41.193744
0 7 3.179971
0 2 45.297863
1 17 16.209994
1 7 17.957540
2 16 43.626555
2 14 31.328885
2 10 39.839379
2 9 19.907452
3 16 3.728854
3 8 10.927828
4 9 33.263961
4 7 47.605852
5 17 18.598201
5 10 29.127472
5 9 39.230081
5 6 20.519561
6 13 0.538825
7 16 1.666845
7 15 5.972806
7 13 21.991842
7 12 33.385541
8 17 33.577664
9 16 33.872468
11 17 14.195407
11 16 6.037391
11 12 11.573769
12 13 12.800894
13 17 31.264778
13 16 34.321501
13 15 10.724911
15 17 1.587732
15 16 15.961635
