16 27 1 39233 1922 0
32.923957
31.695409
22.360752
1.494483
16.753380
32.203629
33.744077
25.601182
17.713202
32.205843
21.369082
31.229676
11.702414
14.545866
23.217801
37.368067
0 6 48.117853
0 4 8.843459
0 2 0.634481
1 13 27.890795
1 11 9.994465
3 12 41.324875
3 10 1.429871
3 6 9.470054
3 5 24.090120
4 15 35.848311
4 12 14.034435
4 7 16.444681
4 6 1.798231
5 11 12.977313
5 10 2.359628
5 9 0.868712
6 14 33.666651
6 12 24.099530
6 11 37.829266
7 14 41.317511
8 15 34.710818
8 14 8.331439
8 12 25.037097
10 15 20.494517
10 13 49.632299
10 12 39.970716
11 12 25.935216
