19 44 1 27750 85 0
16.780785
28.540777
26.927540
14.042184
21.609381
41.039080
35.568449
33.849632
26.810543
20.145174
3.864791
30.783151
10.092976
48.337277
28.274166
38.072842
27.909401
48.025703
0.957199
0 14 23.307848
0 12 9.443038
0 6 20.582321
0 3 29.024219
0 2 30.213298
1 18 0.367707
1 17 26.765744
1 7 49.225942
1 6 0.517866
1 5 26.376378
2 18 17.075566
2 16 38.232288
2 13 6.614527
2 10 26.132883
3 18 14.478967
3 14 45.644569
3 13 22.314227
3 9 16.949169
3 6 25.065826
4 18 1.082799
4 10 5.958347
4 7 27.577526
5 18 30.358990
5 12 23.532019
5 10 17.068490
6 17 15.244353
6 15 46.429949
6 13 32.002772
6 10 40.046207
7 18 47.731845
7 9 32.294241
7 8 42.311988
8 17 48.464021
8 15 47.505015
9 18 5.234546
9 11 28.808970
10 16 0.038319
11 18 43.916984
13 16 33.189963
14 18 11.274166
14 16 17.357401
14 15 34.402509
15 18 29.995161
17 18 16.831825
