19 44 1 37514 1040 0
41.826532
27.986449
27.103242
33.600447
37.397691
15.950447
20.883636
29.541350
32.209495
7.945338
38.309584
44.256156
8.374714
12.795150
44.369398
13.390066
40.486752
43.273062
16.461620
0 14 1.041787
0 12 43.752319
0 6 48.135074
0 3 43.683818
0 2 2.922160
1 18 37.775089
1 17 25.568011
1 7 49.597480
1 6 3.159229
1 5 30.052094
2 18 47.757422
2 16 21.010164
2 13 46.372145
2 10 36.382977
3 18 24.292066
3 14 26.223831
3 13 3.441907
3 9 11.950860
3 6 42.060964
4 18 33.110984
4 10 39.376157
4 7 17.477362
5 18 36.647611
5 12 24.112625
5 10 32.622770
6 17 22.507420
6 15 42.162150
6 13 22.393770
6 10 27.322898
7 18 48.296506
7 9 38.432785
7 8 26.948817
8 17 44.496486
8 15 43.451673
9 18 44.534355
9 11 31.540573
10 16 47.448730
11 18 48.854680
13 16 16.092777
14 18 23.903180
14 16 27.132024
14 15 29.095739
15 18 39.928184
17 18 7.828470
