16 27 1 40783 30 0
25.477941
9.131697
45.040147
20.844354
12.642743
23.903578
46.872256
16.161424
31.279037
48.744370
37.331538
46.249184
35.282847
22.614311
11.581378
16.796305
0 6 43.299270
0 4 14.723445
0 2 1.398845
1 13 23.810840
1 11 44.926279
3 12 2.478403
3 10 20.447149
3 6 35.005318
3 5 8.677437
4 15 16.769444
4 12 3.949043
4 7 37.481604
4 6 12.386070
5 11 31.477263
5 10 47.427452
5 9 14.465223
6 14 21.340687
6 12 14.476111
6 11 15.949826
7 14 30.610179
8 15 33.014662
8 14 14.298566
8 12 32.634321
10 15 49.386901
10 13 29.349349
10 12 12.631938
11 12 29.798046
