15 34 1 23510 292 0
18.149160
1.845293
26.327930
46.660835
41.335025
40.022340
32.777991
11.028068
24.160886
8.158279
40.715677
38.456398
28.356194
14.749526
9.384584
0 10 39.564881
0 9 41.553597
0 8 14.197309
0 4 47.843656
1 10 23.435785
1 9 18.803714
1 8 46.795993
1 5 40.575986
1 4 6.720531
1 3 12.202496
2 14 33.756303
2 12 36.159357
2 9 26.385721
2 7 35.500048
3 9 22.673830
3 6 24.226703
3 5 15.102200
4 13 20.442010
4 11 45.832981
4 10 37.552598
4 6 12.384576
5 8 31.969158
5 7 44.927684
6 9 45.055135
7 14 14.966422
7 12 5.029581
7 10 9.482466
8 12 43.507097
8 9 35.506575
9 13 0.710306
9 11 29.256720
10 11 20.419116
12 14 40.717308
13 14 23.658430
