19 44 1 37628 178 0
26.295046
27.809347
36.149740
22.261912
46.463821
5.547499
16.606771
31.466628
43.798806
31.879354
5.136659
33.536260
2.059319
29.633435
5.737423
34.570340
49.090237
48.075355
45.261497
0 14 5.650422
0 12 20.520691
0 6 48.823443
0 3 3.314427
0 2 9.262934
1 18 32.512516
1 17 34.036439
1 7 4.472813
1 6 6.785685
1 5 22.905121
2 18 3.819118
2 16 43.388972
2 13 6.843793
2 10 43.092800
3 18 22.112644
3 14 36.675631
3 13 3.152842
3 9 29.677406
3 6 5.878562
4 18 49.500656
4 10 40.733225
4 7 33.464568
5 18 42.335036
5 12 31.068013
5 10 47.957693
6 17 37.373033
6 15 8.757608
6 13 39.132187
6 10 3.784412
7 18 7.015536
7 9 23.393143
7 8 3.660123
8 17 0.887488
8 15 28.522271
9 18 16.329362
9 11 21.907546
10 16 10.036099
11 18 31.832250
13 16 43.309495
14 18 1.491855
14 16 16.873397
14 15 43.043998
15 18 19.626894
17 18 41.232408
