17 35 1 41166 890 0
42.131705
13.142111
6.217299
17.283111
32.338886
25.576350
8.812312
10.284131
26.765133
16.752059
40.478152
32.380146
3.948168
12.565166
21.163932
1.432850
0.767313
0 13 28.983664
0 11 21.679060
0 6 26.095264
0 3 35.737036
0 2 45.285532
1 3 38.723643
1 2 5.794681
2 16 6.531645
2 12 23.423539
2 4 1.275677
3 15 32.627068
3 13 25.765022
3 11 2.037959
3 7 3.327295
3 4 29.309100
4 16 15.370438
4 12 1.999307
4 11 8.138826
5 13 27.851908
6 14 46.999100
6 11 41.253084
7 13 37.537381
7 10 2.928983
7 8 15.984556
8 13 17.883782
8 12 25.352410
8 10 28.820040
9 16 49.889978
9 13 9.262600
9 10 45.461125
10 13 7.977417
11 13 46.864463
12 16 47.881061
12 14 38.071296
15 16 48.879152
