17 35 1 37780 1733 0
38.199348
41.399859
30.903766
23.048397
44.103276
24.243609
16.479553
40.912647
30.560558
31.878205
35.865375
27.409626
20.979628
49.779213
19.491920
38.214826
22.404299
0 13 1.850637
0 11 5.344056
0 6 46.227190
0 3 5.998649
0 2 2.768191
1 3 0.102004
1 2 29.470287
2 16 39.768339
2 12 9.283500
2 4 14.973422
3 15 29.296288
3 13 14.087667
3 11 41.751445
3 7 32.154121
3 4 10.989214
4 16 13.934956
4 12 38.289341
4 11 4.571714
5 13 38.354845
6 14 41.884634
6 11 38.480168
7 13 42.692026
7 10 20.366371
7 8 38.820601
8 13 45.277101
8 12 13.176980
8 10 9.680092
9 16 35.747882
9 13 18.761941
9 10 42.962194
10 13 38.270950
11 13 42.591005
12 16 26.176163
12 14 11.076823
15 16 7.733082
