15 34 1 33185 192 0
1.456594
26.373647
26.925610
22.483678
41.501237
36.370995
43.683126
9.728721
8.919811
4.730940
40.320212
5.780754
6.269942
18.959541
16.036154
0 10 5.436730
0 9 9.078842
0 8 2.438451
0 4 2.637973
1 10 37.518584
1 9 41.847792
1 8 34.728462
1 5 37.278049
1 4 9.015449
1 3 45.468360
2 14 5.152932
2 12 25.182253
2 9 40.759167
2 7 5.201865
3 9 36.183135
3 6 12.576075
3 5 1.198064
4 13 3.901244
4 11 9.479156
4 10 32.684352
4 6 16.732068
5 8 0.272361
5 7 32.090999
6 9 20.003280
7 14 1.202106
7 12 22.605576
7 10 47.310996
8 12 21.236691
8 9 27.701021
9 13 34.610083
9 11 0.599963
10 11 5.504020
12 14 18.841076
13 14 5.434544
