15 34 1 33171 13 0
14.890811
30.342522
46.769370
39.676002
9.264113
11.208694
0.642822
35.683830
39.082331
7.136598
31.389950
19.392831
10.050076
37.886889
2.915420
0 10 25.834082
0 9 35.246241
0 8 34.982980
0 4 49.782446
1 10 2.185701
1 9 32.834423
1 8 33.832645
1 5 22.757372
1 4 0.172364
1 3 13.103432
2 14 12.364007
2 12 40.491188
2 9 13.394457
2 7 29.437788
3 9 7.677862
3 6 35.702708
3 5 1.207591
4 13 17.198286
4 11 16.061691
4 10 2.911107
4 6 9.278677
5 8 42.370218
5 7 21.027084
6 9 9.445385
7 14 18.227484
7 12 11.047814
7 10 46.860943
8 12 28.639329
8 9 49.166788
9 13 43.042688
9 11 25.401794
10 11 40.356593
12 14 49.694345
13 14 12.799956
