18 32 1 21962 605 0
22.278798
1.021309
45.437186
4.593400
10.404929
46.033913
3.301465
14.299071
8.299942
14.010839
7.870276
47.282604
49.116125
22.666705
13.982045
41.456558
20.973046
2.371548
0 7 10.391612
0 2 7.046047
1 17 4.585072
1 7 0.601819
2 16 32.908639
2 14 29.106069
2 10 47.498833
2 9 48.815808
3 16 5.978268
3 8 38.969932
4 9 23.519808
4 7 23.290572
5 17 44.552477
5 10 4.056789
5 9 13.863255
5 6 10.906070
6 13 34.810922
7 16 4.364094
7 15 10.092430
7 13 29.751321
7 12 17.576372
8 17 40.795568
9 16 10.242257
11 17 8.011222
11 16 48.832112
11 12 25.500258
12 13 44.251027
13 17 3.742004
13 16 21.197527
13 15 47.338026
15 17 32.828628
15 16 9.315649
