17 35 1 22116 472 0
37.173674
34.518924
49.393857
41.492421
10.376477
6.920093
30.666439
48.044553
18.606292
1.414026
31.024901
24.699245
23.928230
35.959067
42.640816
40.139391
25.057895
0 13 15.627096
0 11 36.190097
0 6 8.188886
0 3 4.862781
0 2 18.390380
1 3 42.126892
1 2 15.737378
2 16 24.189809
2 12 37.853395
2 4 10.632779
3 15 46.348668
3 13 13.379781
3 11 39.702233
3 7 21.690925
3 4 30.719842
4 16 0.719195
4 12 32.918335
4 11 43.374739
5 13 42.838308
6 14 31.152525
6 11 44.526817
7 13 48.244823
7 10 11.738955
7 8 10.520498
8 13 38.116861
8 12 44.365839
8 10 29.830610
9 16 32.228224
9 13 45.824645
9 10 45.194142
10 13 15.749464
11 13 22.891425
12 16 32.822629
12 14 39.775020
15 16 14.503684
