15 34 1 34840 458 0
10.932436
5.596107
3.357909
28.105458
8.536595
22.952871
35.586934
17.906907
49.403312
8.040522
10.503256
45.211890
40.455948
37.494260
38.746661
0 10 26.417193
0 9 43.377494
0 8 0.246795
0 4 18.014283
1 10 12.078987
1 9 7.790627
1 8 25.765718
1 5 22.689588
1 4 23.203370
1 3 22.440199
2 14 36.822290
2 12 36.895761
2 9 44.796382
2 7 15.232452
3 9 35.392232
3 6 28.754933
3 5 35.265379
4 13 3.448272
4 11 44.152857
4 10 11.230093
4 6 19.368670
5 8 8.954154
5 7 31.291654
6 9 14.216678
7 14 9.929437
7 12 5.803851
7 10 32.049948
8 12 1.480924
8 9 37.635895
9 13 16.854602
9 11 19.440089
10 11 34.837552
12 14 17.741962
13 14 40.217642
