17 35 1 35288 1425 0
31.618232
48.046461
20.139413
32.398389
10.560003
20.720268
9.106214
2.966290
25.613553
20.795398
38.498676
34.231313
7.406383
44.110640
47.962087
49.457542
6.993878
0 13 46.200590
0 11 32.833851
0 6 22.788698
0 3 10.083861
0 2 21.286016
1 3 25.936553
1 2 38.800766
2 16 28.898616
2 12 44.882371
2 4 47.407231
3 15 20.403218
3 13 41.216191
3 11 38.872197
3 7 48.604999
3 4 23.409591
4 16 39.976715
4 12 13.015680
4 11 11.336460
5 13 2.180816
6 14 12.085544
6 11 7.332870
7 13 20.747217
7 10 12.765055
7 8 32.980863
8 13 10.942837
8 12 23.250065
8 10 30.761614
9 16 22.544672
9 13 39.913761
9 10 2.616649
10 13 19.212213
11 13 32.933534
12 16 15.403929
12 14 18.032272
15 16 15.690315
