15 34 1 28733 819 0
42.101603
14.401465
5.013595
32.771818
9.403530
6.281826
20.342906
6.770882
14.012930
45.909739
2.134071
40.543752
36.021964
21.386487
38.126080
0 10 24.803607
0 9 31.647736
0 8 28.272761
0 4 15.315706
1 10 9.002401
1 9 22.050645
1 8 39.409048
1 5 48.351857
1 4 0.529874
1 3 26.511992
2 14 22.156852
2 12 3.644598
2 9 46.806747
2 7 31.061805
3 9 35.576302
3 6 25.476579
3 5 24.230149
4 13 41.276948
4 11 25.189868
4 10 49.382016
4 6 12.349204
5 8 22.833444
5 7 29.860933
6 9 23.256650
7 14 33.938623
7 12 13.692500
7 10 32.562459
8 12 35.023208
8 9 16.891436
9 13 16.719705
9 11 18.533304
10 11 12.847647
12 14 49.320600
13 14 45.266364
