15 34 1 40050 146 0
33.406742
14.661084
22.074470
0.861917
4.557845
38.580146
12.884304
29.533539
1.352832
1.516849
30.837130
30.055115
15.586449
42.216705
32.651327
0 10 0.508872
0 9 42.063117
0 8 6.544263
0 4 9.986570
1 10 10.758143
1 9 27.456205
1 8 18.107585
1 5 39.347116
1 4 18.570026
1 3 37.816155
2 14 8.566046
2 12 32.316247
2 9 27.749133
2 7 18.936715
3 9 49.419546
3 6 40.455576
3 5 34.197100
4 13 15.725566
4 11 23.580083
4 10 40.284917
4 6 31.309655
5 8 36.379309
5 7 2.904406
6 9 15.158926
7 14 29.734626
7 12 40.906376
7 10 29.371382
8 12 26.400256
8 9 7.055720
9 13 14.924764
9 11 6.490392
10 11 6.403683
12 14 37.899033
13 14 31.428855
