15 34 1 34244 221 0
30.698229
37.790541
38.511065
18.674491
41.506752
47.036823
33.837579
28.025426
41.193413
11.590466
24.114491
17.489136
13.505029
42.242472
15.089897
0 10 26.557508
0 9 36.848013
0 8 10.198595
0 4 20.853983
1 10 22.002932
1 9 43.191610
1 8 11.437054
1 5 19.404361
1 4 45.751690
1 3 27.769100
2 14 48.701654
2 12 48.263760
2 9 15.999336
2 7 0.841571
3 9 23.359256
3 6 48.578369
3 5 2.408645
4 13 40.284575
4 11 42.697719
4 10 40.725393
4 6 23.785769
5 8 1.987235
5 7 48.970464
6 9 24.480857
7 14 28.586499
7 12 9.148336
7 10 27.055880
8 12 4.015233
8 9 17.266323
9 13 26.543688
9 11 47.940847
10 11 40.542343
12 14 10.548440
13 14 12.956732
