15 34 1 39350 892 0
32.288597
42.021621
9.416059
41.738718
32.604222
48.395672
30.827558
35.298205
3.680857
34.262730
15.262144
39.693843
14.277353
44.136111
31.126023
0 10 9.523504
0 9 10.130992
0 8 31.702954
0 4 10.041120
1 10 16.332314
1 9 21.009334
1 8 46.869760
1 5 31.936304
1 4 36.202709
1 3 49.554929
2 14 6.562147
2 12 8.768985
2 9 1.631458
2 7 7.122496
3 9 7.309068
3 6 22.451324
3 5 44.761732
4 13 42.605602
4 11 40.828705
4 10 30.104155
4 6 11.020250
5 8 30.701372
5 7 5.027602
6 9 48.028880
7 14 36.595601
7 12 19.171738
7 10 45.534410
8 12 35.018100
8 9 20.972437
9 13 38.491169
9 11 43.399203
10 11 45.114077
12 14 43.524809
13 14 14.625621
