15 34 1 2562 50 0
0.462460
38.304195
32.401125
42.936931
9.841099
28.249402
9.490179
47.310630
43.538560
40.904841
49.941569
15.009018
47.508557
42.401757
21.446544
0 10 0.570163
0 9 49.362692
0 8 37.230287
0 4 4.467658
1 10 21.036189
1 9 45.491419
1 8 38.143850
1 5 4.269483
1 4 36.586145
1 3 31.010352
2 14 2.414777
2 12 39.013254
2 9 2.798314
2 7 49.666976
3 9 27.426652
3 6 39.253875
3 5 39.029756
4 13 12.373162
4 11 6.704987
4 10 15.743175
4 6 32.935615
5 8 36.782427
5 7 47.358279
6 9 19.688693
7 14 33.625587
7 12 13.467499
7 10 9.958799
8 12 35.765771
8 9 32.398849
9 13 30.564444
9 11 27.501481
10 11 37.822315
12 14 8.434886
13 14 42.791279
