18 32 1 39216 735 0
19.357432
39.222224
2.533103
13.130267
2.340207
14.822635
10.488787
0.464748
15.134274
42.986318
3.793960
49.640659
1.537007
46.643599
1.988505
36.832340
24.309743
14.805488
0 7 21.796404
0 2 6.032142
1 17 38.834739
1 7 0.334901
2 16 24.949304
2 14 4.432398
2 10 13.679068
2 9 25.666695
3 16 36.920098
3 8 31.034806
4 9 28.471650
4 7 40.395203
5 17 45.809740
5 10 28.909209
5 9 28.764549
5 6 12.603732
6 13 27.926600
7 16 13.879679
7 15 48.449102
7 13 30.625573
7 12 18.570526
8 17 9.842877
9 16 8.847802
11 17 48.461766
11 16 13.516475
11 12 43.176784
12 13 25.665652
13 17 24.253735
13 16 25.504197
13 15 19.273637
15 17 6.381897
15 16 4.829699
