15 34 1 33950 1646 0
24.749928
48.513286
31.479426
3.560814
6.931218
7.525997
2.484383
48.591934
18.750222
12.438143
44.503135
36.382605
5.595883
1.831356
38.733331
0 10 1.257756
0 9 9.352493
0 8 32.461180
0 4 5.101710
1 10 0.918019
1 9 42.258648
1 8 11.124888
1 5 43.245798
1 4 42.309327
1 3 16.325633
2 14 48.690301
2 12 48.354524
2 9 42.601852
2 7 41.785370
3 9 16.388550
3 6 17.717788
3 5 8.175272
4 13 17.185321
4 11 36.896391
4 10 15.205806
4 6 1.003408
5 8 29.202325
5 7 25.023853
6 9 46.974502
7 14 14.207206
7 12 13.203320
7 10 37.151765
8 12 10.179742
8 9 22.350510
9 13 8.738073
9 11 45.581839
10 11 6.385366
12 14 3.526142
13 14 44.393564
