16 27 1 2725 452 0
13.133021
17.353204
36.132979
11.461062
16.598523
29.630806
0.915266
36.901068
47.798483
45.830648
24.142390
29.988222
30.501544
24.554009
6.319561
19.232902
0 6 22.722688
0 4 8.836124
0 2 9.797398
1 13 21.471797
1 11 22.059201
3 12 41.813307
3 10 33.267227
3 6 22.234708
3 5 29.383507
4 15 7.861310
4 12 37.998493
4 7 32.883099
4 6 4.607225
5 11 15.785198
5 10 31.579497
5 9 4.341672
6 14 30.781123
6 12 12.615909
6 11 20.358473
7 14 27.445585
8 15 23.007920
8 14 46.636100
8 12 31.289195
10 15 2.675395
10 13 27.238495
10 12 6.654732
11 12 19.313283
