19 44 1 34880 1039 0
25.124993
12.058983
15.405725
7.174941
4.758595
16.886649
34.021271
42.394491
33.600025
0.875873
15.422618
3.040113
46.485408
0.260170
7.745581
14.227371
38.545994
47.963223
26.122190
0 14 48.294374
0 12 44.248854
0 6 19.879414
0 3 1.662862
0 2 30.054232
1 18 27.894656
1 17 15.255971
1 7 14.113955
1 6 44.712234
1 5 6.452182
2 18 14.600629
2 16 2.529343
2 13 3.813463
2 10 25.386323
3 18 41.335507
3 14 44.163024
3 13 22.760505
3 9 17.041305
3 6 9.741549
4 18 14.279442
4 10 8.835145
4 7 38.504012
5 18 32.127736
5 12 46.522027
5 10 33.618571
6 17 13.946696
6 15 10.302264
6 13 15.859942
6 10 19.265552
7 18 32.156562
7 9 14.595811
7 8 0.230940
8 17 14.731463
8 15 29.996234
9 18 35.976412
9 11 14.268794
10 16 36.449773
11 18 18.902672
13 16 5.390774
14 18 45.417480
14 16 18.398908
14 15 37.228545
15 18 25.840214
17 18 42.816900
