18 32 1 21550 69 0
2.758452
36.906948
23.950605
12.082225
44.476104
42.100704
15.634248
42.667155
34.459449
6.807410
29.523385
47.358597
32.640195
10.906535
42.325830
45.284601
15.758106
18.662286
0 7 5.784024
0 2 3.551164
1 17 27.933828
1 7 30.492890
2 16 2.338258
2 14 0.217733
2 10 26.847679
2 9 32.787360
3 16 15.058409
3 8 42.898988
4 9 19.930619
4 7 37.500068
5 17 24.717033
5 10 10.360539
5 9 15.424863
5 6 35.705150
6 13 6.429551
7 16 2.273238
7 15 37.176107
7 13 0.810476
7 12 15.089672
8 17 35.394778
9 16 4.004393
11 17 42.735634
11 16 45.445601
11 12 49.755460
12 13 12.993059
13 17 14.830224
13 16 7.395790
13 15 4.752956
15 17 1.309409
15 16 44.029541
