16 27 1 20880 312 0
5.904813
9.989268
32.187181
6.583365
12.158060
34.204613
14.555109
16.522084
48.542249
5.947365
16.868140
1.120651
6.507904
19.184618
12.993579
19.403332
0 6 45.492085
0 4 0.514288
0 2 48.381115
1 13 20.551326
1 11 19.713065
3 12 17.119385
3 10 25.625520
3 6 34.247064
3 5 3.868584
4 15 38.113698
4 12 0.638858
4 7 32.548729
4 6 8.616172
5 11 0.301759
5 10 18.601487
5 9 34.527408
6 14 10.294098
6 12 41.029975
6 11 0.488399
7 14 31.563016
8 15 41.863158
8 14 22.520811
8 12 42.561717
10 15 49.019012
10 13 23.202120
10 12 12.456946
11 12 39.801517
