18 32 1 20860 2055 0
33.255778
10.562234
26.127318
43.786799
25.920563
25.747771
5.988389
21.053759
3.166606
22.020569
12.837730
5.880639
31.145859
45.244917
15.605929
7.033756
5.747163
5.512491
0 7 3.945003
0 2 39.005971
1 17 12.803455
1 7 24.948020
2 16 0.938028
2 14 18.939454
2 10 7.293193
2 9 12.320203
3 16 45.982032
3 8 9.168283
4 9 9.294525
4 7 23.990991
5 17 18.215528
5 10 17.377172
5 9 12.170606
5 6 39.333948
6 13 19.724894
7 16 35.613131
7 15 49.321435
7 13 33.229337
7 12 0.678551
8 17 2.017433
9 16 4.364024
11 17 41.392256
11 16 2.578402
11 12 2.316477
12 13 12.895428
13 17 34.005182
13 16 31.444317
13 15 14.932414
15 17 24.506688
15 16 9.730532
