19 44 1 28362 1130 0
20.147994
28.123859
0.137747
6.218100
27.765160
49.203282
39.653710
41.211217
47.721200
46.772534
23.914022
48.087936
22.244935
32.834182
23.816801
43.047293
40.494163
37.289188
3.680067
0 14 9.775664
0 12 6.092228
0 6 31.313947
0 3 16.708679
0 2 29.509174
1 18 41.780404
1 17 5.248407
1 7 11.645490
1 6 47.669423
1 5 1.120217
2 18 8.569972
2 16 12.794662
2 13 20.137686
2 10 30.474709
3 18 36.123006
3 14 16.865046
3 13 25.232681
3 9 45.119303
3 6 49.846024
4 18 43.116686
4 10 46.928395
4 7 40.862940
5 18 4.801353
5 12 13.643309
5 10 13.357202
6 17 41.351415
6 15 12.656277
6 13 28.585082
6 10 49.774920
7 18 45.978942
7 9 26.823687
7 8 31.796597
8 17 35.801262
8 15 8.602996
9 18 38.743882
9 11 15.002483
10 16 36.616772
11 18 37.849080
13 16 8.373853
14 18 43.888901
14 16 16.255914
14 15 43.658229
15 18 39.386393
17 18 11.706155
