18 32 1 22950 123 0
43.327850
28.177401
16.050408
19.191562
32.109470
12.893619
5.134794
13.825524
47.172482
19.964441
41.251599
13.108183
21.215648
17.523938
4.711158
32.229872
19.583763
13.584024
0 7 35.431503
0 2 26.457180
1 17 49.199528
1 7 12.469952
2 16 30.983907
2 14 37.940885
2 10 22.139199
2 9 48.202477
3 16 0.460297
3 8 1.083226
4 9 44.137471
4 7 25.559532
5 17 11.363891
5 10 2.913008
5 9 29.005051
5 6 29.659073
6 13 40.452449
7 16 20.991272
7 15 3.768735
7 13 31.691836
7 12 37.497026
8 17 4.777718
9 16 0.901456
11 17 47.825832
11 16 33.292143
11 12 6.956844
12 13 47.164767
13 17 12.818685
13 16 29.291555
13 15 24.603707
15 17 38.228465
15 16 22.733161
