15 34 1 35480 739 0
4.907226
26.894015
15.519928
13.201231
32.527519
11.120575
8.925013
46.580222
24.931768
20.746840
39.511992
32.519879
46.924051
12.293894
34.611993
0 10 8.199188
0 9 31.652107
0 8 18.502333
0 4 2.608795
1 10 13.752030
1 9 31.881770
1 8 38.073257
1 5 26.466146
1 4 33.081647
1 3 27.658193
2 14 35.887681
2 12 5.207891
2 9 13.710536
2 7 21.979894
3 9 22.878782
3 6 30.842408
3 5 23.369043
4 13 20.242243
4 11 37.577553
4 10 44.803918
4 6 24.369903
5 8 16.401486
5 7 4.860109
6 9 24.581425
7 14 46.227794
7 12 34.224634
7 10 41.018386
8 12 14.583377
8 9 15.387255
9 13 0.959338
9 11 20.837059
10 11 19.344006
12 14 44.296260
13 14 36.077478
