16 27 1 26712 64 0
20.265324
28.070565
17.238724
44.243221
18.014484
25.393172
15.501229
24.188136
13.122540
20.277712
40.115319
2.841525
25.303432
18.199458
44.072612
7.138840
0 6 25.116790
0 4 20.595496
0 2 31.040347
1 13 37.562064
1 11 2.384737
3 12 48.663645
3 10 21.354291
3 6 35.105234
3 5 20.639834
4 15 35.862836
4 12 27.737131
4 7 12.842454
4 6 21.641777
5 11 43.701196
5 10 21.157232
5 9 4.084048
6 14 20.321499
6 12 41.889833
6 11 48.141964
7 14 29.423969
8 15 6.008100
8 14 34.487684
8 12 20.656882
10 15 18.982007
10 13 21.936877
10 12 29.951033
11 12 6.208908
