17 35 1 23745 416 0
49.266315
15.149516
31.717558
20.367138
28.356220
19.651867
36.097663
37.149778
42.701565
35.555895
10.996837
29.397658
7.672778
34.101389
40.097511
39.668550
22.628064
0 13 8.907082
0 11 11.207120
0 6 33.209701
0 3 47.858866
0 2 31.416639
1 3 39.105400
1 2 27.429489
2 16 28.125374
2 12 46.408293
2 4 20.935226
3 15 34.590175
3 13 8.761726
3 11 19.081841
3 7 27.818848
3 4 28.256895
4 16 25.811294
4 12 26.971396
4 11 4.451425
5 13 33.346186
6 14 30.838685
6 11 7.995938
7 13 43.621885
7 10 34.634820
7 8 28.004432
8 13 20.239771
8 12 47.103273
8 10 7.024661
9 16 24.976016
9 13 44.024383
9 10 29.289732
10 13 20.282262
11 13 9.445256
12 16 42.119439
12 14 7.434754
15 16 16.206971
