18 32 1 23425 384 0
17.285720
40.607143
20.309633
23.725537
30.879648
31.608759
24.916717
19.019569
46.634870
13.833505
41.986187
46.989861
13.772916
17.672739
30.586020
47.291851
19.714501
39.452444
0 7 1.049131
0 2 42.810914
1 17 29.587166
1 7 12.348650
2 16 30.847856
2 14 24.887501
2 10 38.978833
2 9 44.624200
3 16 15.898758
3 8 40.897225
4 9 44.523418
4 7 4.648980
5 17 34.521956
5 10 4.182344
5 9 15.713747
5 6 4.560421
6 13 40.638648
7 16 28.132443
7 15 41.449323
7 13 47.153249
7 12 3.464703
8 17 26.314236
9 16 14.213972
11 17 1.732001
11 16 46.442285
11 12 20.928206
12 13 30.161322
13 17 27.475307
13 16 43.999083
13 15 29.791254
15 17 5.554496
15 16 26.475709
