17 35 1 26212 106 0
11.769702
31.368513
32.142779
12.841391
0.066940
2.030355
34.747717
3.886338
0.745650
4.156337
22.587792
21.717730
10.182371
46.655657
12.107825
13.979195
17.109668
0 13 25.543040
0 11 46.871358
0 6 35.831326
0 3 26.521688
0 2 5.836676
1 3 37.734405
1 2 5.703747
2 16 41.024977
2 12 22.192589
2 4 37.139200
3 15 38.614084
3 13 24.968595
3 11 13.613330
3 7 2.952792
3 4 8.794150
4 16 27.378655
4 12 12.708297
4 11 16.709661
5 13 38.422919
6 14 0.133008
6 11 8.554035
7 13 23.514869
7 10 27.917224
7 8 1.330042
8 13 18.406214
8 12 24.332758
8 10 29.494780
9 16 49.790719
9 13 45.987677
9 10 3.377097
10 13 19.675498
11 13 39.119016
12 16 5.005765
12 14 30.923419
15 16 49.060026
