16 27 1 37428 1173 0
8.339192
40.953647
39.429814
25.778153
26.869603
34.918662
20.849406
32.919716
35.303216
39.623446
37.786953
35.772380
13.284314
7.159637
12.045854
30.205796
0 6 15.661517
0 4 6.131386
0 2 37.922104
1 13 42.381643
1 11 14.596068
3 12 29.153084
3 10 29.105261
3 6 0.674096
3 5 24.891566
4 15 13.222606
4 12 25.022572
4 7 34.680885
4 6 23.695459
5 11 46.098167
5 10 29.627475
5 9 17.185569
6 14 47.504870
6 12 6.817809
6 11 20.289672
7 14 44.913707
8 15 39.553468
8 14 11.806051
8 12 8.004710
10 15 6.103182
10 13 2.584056
10 12 34.657445
11 12 3.397800
