18 32 1 25577 68 0
10.631097
5.112377
18.313070
9.816750
15.410205
10.989187
27.295684
25.891950
8.226899
3.327094
13.900269
24.255160
19.945793
14.626677
47.275261
49.345458
37.439205
41.766740
0 7 33.228298
0 2 28.732429
1 17 36.750128
1 7 49.966543
2 16 43.252895
2 14 37.796537
2 10 32.643643
2 9 41.921344
3 16 8.244383
3 8 11.945900
4 9 33.223499
4 7 38.867161
5 17 44.427959
5 10 11.750446
5 9 8.158412
5 6 33.469961
6 13 47.411457
7 16 24.717502
7 15 17.142905
7 13 9.249061
7 12 30.750508
8 17 47.204767
9 16 45.473230
11 17 14.350864
11 16 46.457660
11 12 39.257681
12 13 46.469563
13 17 26.804928
13 16 36.937796
13 15 32.600743
15 17 37.745024
15 16 36.482918
