17 35 1 24333 824 0
14.556882
18.608141
2.369538
10.144779
42.711429
9.356687
5.074100
4.052194
1.400469
20.893763
30.753488
41.653020
49.817375
46.574929
24.800044
45.978754
38.278065
0 13 7.761071
0 11 48.118444
0 6 49.723920
0 3 6.822454
0 2 37.160154
1 3 38.562192
1 2 33.157394
2 16 28.724958
2 12 37.684204
2 4 44.476964
3 15 43.943837
3 13 48.441360
3 11 29.282647
3 7 14.654975
3 4 14.894423
4 16 14.135640
4 12 24.262181
4 11 43.525765
5 13 25.935708
6 14 27.808214
6 11 23.887290
7 13 27.263938
7 10 1.685071
7 8 8.810219
8 13 44.858633
8 12 36.410166
8 10 1.816342
9 16 3.640070
9 13 24.945905
9 10 6.956564
10 13 28.928773
11 13 12.495824
12 16 33.346289
12 14 27.177055
15 16 6.369807
