18 32 1 21633 304 0
41.402742
4.648378
34.565684
27.036594
19.817714
45.980682
37.861209
39.740005
30.216333
49.995233
0.120402
8.481525
19.868216
40.215217
33.049496
31.843539
47.200558
36.686374
0 7 36.731677
0 2 34.481830
1 17 15.780692
1 7 32.335416
2 16 31.096164
2 14 1.551515
2 10 26.664690
2 9 12.933676
3 16 19.990852
3 8 7.211056
4 9 22.491394
4 7 7.847293
5 17 45.908914
5 10 12.827014
5 9 9.559048
5 6 15.644784
6 13 20.618363
7 16 31.851563
7 15 18.499830
7 13 17.351456
7 12 10.305192
8 17 7.881292
9 16 11.857229
11 17 48.200257
11 16 3.566357
11 12 39.700141
12 13 42.838702
13 17 48.669548
13 16 25.262943
13 15 17.706025
15 17 21.524133
15 16 31.112717
