19 44 1 25275 627 0
47.126372
16.014257
27.020709
11.628715
14.271157
43.393960
3.724781
36.795313
28.394355
21.530173
22.122957
5.018272
15.311723
24.118596
20.315470
24.883746
19.472951
9.679671
25.361066
0 14 49.846576
0 12 34.841646
0 6 1.314984
0 3 3.330241
0 2 12.550405
1 18 45.544896
1 17 24.608848
1 7 42.421013
1 6 25.830310
1 5 39.962345
2 18 14.209329
2 16 34.748580
2 13 26.804241
2 10 39.543070
3 18 28.340128
3 14 27.049053
3 13 35.286051
3 9 32.520390
3 6 23.691931
4 18 17.881078
4 10 13.333107
4 7 1.642640
5 18 24.985128
5 12 24.179519
5 10 29.878626
6 17 13.441061
6 15 25.634381
6 13 13.315556
6 10 7.056818
7 18 4.126609
7 9 2.081367
7 8 13.583649
8 17 43.066361
8 15 23.968452
9 18 31.954670
9 11 3.000628
10 16 5.275506
11 18 33.229733
13 16 48.706922
14 18 31.076072
14 16 21.551116
14 15 22.673503
15 18 42.706774
17 18 49.624119
