18 32 1 23790 211 0
40.182400
2.149151
36.483853
33.203439
35.693654
1.102011
28.834969
25.269157
14.937677
43.514210
44.505331
20.746816
11.011449
28.659388
43.987731
48.979581
47.368265
44.176846
0 7 13.136414
0 2 42.081871
1 17 39.781288
1 7 21.337512
2 16 23.173043
2 14 49.091666
2 10 43.297907
2 9 8.055896
3 16 22.477505
3 8 30.883771
4 9 19.018707
4 7 44.826683
5 17 16.568264
5 10 42.183426
5 9 4.817714
5 6 4.732840
6 13 40.847929
7 16 5.973541
7 15 24.396978
7 13 35.974397
7 12 5.337585
8 17 3.476766
9 16 24.340130
11 17 28.417253
11 16 5.282212
11 12 48.130108
12 13 5.122472
13 17 37.824957
13 16 48.794925
13 15 32.246730
15 17 19.560074
15 16 21.566767
