15 34 1 2512 231 0
26.196932
44.599069
0.313078
39.685527
28.970568
24.263206
14.953003
5.964610
15.855451
1.143856
23.126999
11.402614
44.475368
5.997749
42.911103
0 10 12.189222
0 9 47.925295
0 8 1.187786
0 4 12.576599
1 10 21.631117
1 9 23.317488
1 8 10.234590
1 5 36.819898
1 4 44.308293
1 3 21.573922
2 14 10.389535
2 12 48.946824
2 9 11.692579
2 7 39.481144
3 9 44.566048
3 6 16.006296
3 5 14.060913
4 13 25.910739
4 11 49.248718
4 10 46.078682
4 6 47.881911
5 8 26.216775
5 7 37.507530
6 9 29.377344
7 14 44.455640
7 12 15.809643
7 10 46.788396
8 12 21.199320
8 9 14.847147
9 13 31.576168
9 11 6.159358
10 11 16.168465
12 14 11.514055
13 14 35.468969
