16 27 1 33114 15 0
34.790046
46.686261
17.968453
19.275345
47.015181
23.178160
32.205117
5.262136
27.042137
23.338977
19.501643
40.791143
45.245088
49.231578
37.402189
1.735782
0 6 39.145014
0 4 5.922773
0 2 47.082544
1 13 0.024028
1 11 25.531493
3 12 40.876385
3 10 13.422324
3 6 6.042209
3 5 36.033065
4 15 17.487715
4 12 47.188822
4 7 38.310382
4 6 23.031809
5 11 15.022102
5 10 7.043604
5 9 20.012679
6 14 14.923460
6 12 49.001744
6 11 12.077551
7 14 45.516420
8 15 8.081444
8 14 35.505209
8 12 25.739609
10 15 19.716138
10 13 15.558080
10 12 44.820920
11 12 36.896686
