18 32 1 28155 1608 0
41.684546
2.072553
9.080044
15.959573
33.000088
29.004832
14.728271
43.591594
20.233851
40.281294
6.955298
29.049906
8.740726
2.345534
11.200486
32.114176
37.127061
8.234846
0 7 4.742171
0 2 31.250649
1 17 27.385216
1 7 35.017364
2 16 24.797608
2 14 22.766670
2 10 18.309367
2 9 28.872841
3 16 30.410789
3 8 6.394243
4 9 5.464523
4 7 35.420355
5 17 5.678000
5 10 14.765355
5 9 26.275256
5 6 25.113332
6 13 29.210085
7 16 42.263843
7 15 33.393155
7 13 18.814163
7 12 17.961184
8 17 34.991051
9 16 6.032049
11 17 13.659961
11 16 25.736821
11 12 31.581899
12 13 46.682298
13 17 43.621165
13 16 11.163334
13 15 19.238783
15 17 10.278936
15 16 18.456017
