17 35 1 29620 95 0
11.450848
36.826531
19.922129
31.211837
46.630642
0.608419
45.879351
28.612416
2.761500
10.183303
42.518514
21.031517
0.154898
6.745312
47.595800
38.130815
27.230852
0 13 45.588742
0 11 48.499774
0 6 19.902000
0 3 0.484087
0 2 49.706916
1 3 11.846513
1 2 12.396358
2 16 42.756638
2 12 44.239902
2 4 45.853532
3 15 19.847827
3 13 47.609821
3 11 16.984461
3 7 30.186028
3 4 16.237139
4 16 0.960625
4 12 39.610182
4 11 34.941788
5 13 33.837235
6 14 15.802237
6 11 6.502021
7 13 14.849942
7 10 1.966523
7 8 18.121269
8 13 31.575056
8 12 41.054747
8 10 38.440748
9 16 31.454013
9 13 7.305907
9 10 29.154982
10 13 29.956884
11 13 35.368926
12 16 29.576006
12 14 29.079249
15 16 5.736589
