19 44 1 34466 2192 0
1.086633
16.226269
34.248675
28.234846
39.235450
45.429339
17.096653
10.288618
3.202777
18.677794
10.944602
22.201662
45.567424
2.213839
47.128595
20.361290
28.887182
7.332980
41.936803
0 14 42.965007
0 12 11.056415
0 6 17.461370
0 3 5.192415
0 2 45.609817
1 18 34.022709
1 17 15.659278
1 7 31.327513
1 6 39.484428
1 5 10.990778
2 18 29.959629
2 16 10.717648
2 13 25.235995
2 10 49.289886
3 18 41.818669
3 14 37.534088
3 13 24.335428
3 9 48.125609
3 6 48.239346
4 18 25.195887
4 10 17.890669
4 7 40.928000
5 18 9.467574
5 12 27.444071
5 10 49.012365
6 17 48.725049
6 15 18.103420
6 13 31.133284
6 10 22.374184
7 18 38.936700
7 9 37.046036
7 8 48.976530
8 17 25.061291
8 15 3.178262
9 18 0.420163
9 11 17.149799
10 16 37.592745
11 18 1.860778
13 16 30.333313
14 18 46.012322
14 16 17.739697
14 15 8.317671
15 18 4.180068
17 18 29.182532
