18 32 1 27566 526 0
44.352966
33.387727
20.226354
44.033932
14.402742
23.464293
46.649991
20.895104
4.200987
26.315120
45.691030
37.845122
10.842987
11.149189
25.892769
17.894818
6.055155
7.091513
0 7 24.641192
0 2 31.395691
1 17 1.470233
1 7 10.881247
2 16 14.471786
2 14 16.481323
2 10 15.542170
2 9 15.312393
3 16 4.868220
3 8 9.232817
4 9 0.610238
4 7 27.833332
5 17 1.278926
5 10 7.450458
5 9 6.571137
5 6 34.263208
6 13 8.400354
7 16 34.319537
7 15 21.908260
7 13 25.530355
7 12 26.045857
8 17 18.304712
9 16 2.845967
11 17 27.356551
11 16 13.332238
11 12 9.232399
12 13 0.023172
13 17 10.243745
13 16 25.742049
13 15 28.473792
15 17 31.199816
15 16 13.525515
