19 44 1 36880 141 0
32.325130
6.683314
36.324078
4.331242
5.852599
1.412978
1.180072
0.892065
26.933960
45.648298
18.193468
44.323159
46.718197
15.387126
2.729907
9.994493
0.954753
34.645169
37.844526
0 14 9.420483
0 12 49.649509
0 6 47.817654
0 3 42.966480
0 2 4.123701
1 18 47.672763
1 17 17.876919
1 7 26.753957
1 6 10.208676
1 5 23.388232
2 18 5.100895
2 16 29.294209
2 13 15.754727
2 10 2.153962
3 18 45.636088
3 14 13.593747
3 13 44.551512
3 9 8.924872
3 6 39.974310
4 18 2.389543
4 10 37.443141
4 7 34.527890
5 18 4.418383
5 12 27.528219
5 10 39.448783
6 17 25.727800
6 15 19.952981
6 13 43.973733
6 10 49.703345
7 18 11.456929
7 9 32.926824
7 8 0.396004
8 17 38.293932
8 15 19.847502
9 18 11.212229
9 11 22.366254
10 16 22.299351
11 18 3.975428
13 16 18.175992
14 18 41.344793
14 16 32.420098
14 15 2.174454
15 18 22.094602
17 18 38.080787
