17 35 1 27275 549 0
13.664186
45.529302
45.585768
17.047456
18.772124
4.246865
12.878271
48.128941
30.280093
46.706672
3.063101
0.697830
47.977448
24.608582
1.034389
8.421813
33.020100
0 13 15.208525
0 11 27.059921
0 6 38.895005
0 3 21.341322
0 2 42.362462
1 3 43.163630
1 2 7.819912
2 16 3.635056
2 12 20.037024
2 4 22.121338
3 15 33.560783
3 13 4.563981
3 11 23.313381
3 7 28.244903
3 4 6.296201
4 16 30.942063
4 12 17.227482
4 11 0.774206
5 13 13.145574
6 14 20.822072
6 11 13.262232
7 13 45.478906
7 10 38.436957
7 8 24.431357
8 13 19.796474
8 12 32.757869
8 10 16.802974
9 16 33.624712
9 13 42.583662
9 10 38.038318
10 13 48.536331
11 13 20.384590
12 16 26.982366
12 14 21.886300
15 16 43.274323
