18 32 1 26366 273 0
38.494471
15.805736
1.448802
12.456443
49.688430
28.025969
33.154927
41.486892
14.078658
10.177266
40.953627
1.908483
26.495954
41.877122
22.449749
29.927050
24.894019
5.523895
0 7 47.967833
0 2 0.567447
1 17 34.722247
1 7 46.564189
2 16 9.927360
2 14 5.822997
2 10 22.193482
2 9 4.694322
3 16 6.773910
3 8 1.668254
4 9 45.869644
4 7 0.106104
5 17 17.655395
5 10 28.700393
5 9 6.529107
5 6 45.629039
6 13 22.302569
7 16 12.894419
7 15 9.858646
7 13 25.535670
7 12 39.873803
8 17 8.674592
9 16 25.676134
11 17 35.709570
11 16 17.751666
11 12 22.378881
12 13 3.124736
13 17 0.444581
13 16 49.087043
13 15 10.885275
15 17 32.739385
15 16 10.113090
