19 44 1 31020 627 0
21.991613
36.154833
36.059239
31.667971
34.168733
49.839948
29.804630
23.269381
28.369987
37.820397
28.130717
34.474219
2.869869
43.218764
43.010427
22.441026
23.639630
40.017324
26.108560
0 14 39.338790
0 12 27.839047
0 6 16.546071
0 3 36.478734
0 2 10.504303
1 18 46.066198
1 17 20.318924
1 7 6.454486
1 6 16.389764
1 5 31.791526
2 18 34.664421
2 16 17.789862
2 13 22.481792
2 10 12.149067
3 18 34.648255
3 14 21.031378
3 13 10.670981
3 9 16.665756
3 6 39.971320
4 18 9.028241
4 10 1.471801
4 7 20.870869
5 18 37.315470
5 12 23.777621
5 10 33.619788
6 17 43.364379
6 15 25.181069
6 13 37.422848
6 10 22.162866
7 18 42.585679
7 9 1.738306
7 8 30.798166
8 17 12.487481
8 15 39.626339
9 18 0.608412
9 11 2.934423
10 16 3.749020
11 18 23.870939
13 16 1.130647
14 18 44.769723
14 16 3.217706
14 15 3.034644
15 18 49.288341
17 18 26.061636
