19 44 1 33962 285 0
17.063824
7.439267
8.989420
42.087677
29.887390
5.963922
9.420856
44.094595
19.264057
22.624176
6.992102
6.415822
34.182020
17.171844
36.169439
6.532530
19.136956
44.907512
45.271591
0 14 14.718795
0 12 1.656956
0 6 24.889516
0 3 12.869470
0 2 21.085360
1 18 43.548992
1 17 39.532665
1 7 26.935904
1 6 30.875650
1 5 41.041197
2 18 2.163883
2 16 31.962347
2 13 47.847393
2 10 44.749144
3 18 18.271147
3 14 49.651514
3 13 11.020031
3 9 1.465848
3 6 26.536113
4 18 1.221596
4 10 36.804159
4 7 15.567957
5 18 45.758849
5 12 7.957165
5 10 25.403688
6 17 1.604744
6 15 12.663736
6 13 36.147277
6 10 32.701282
7 18 14.891053
7 9 20.553078
7 8 33.962371
8 17 15.851038
8 15 17.482655
9 18 49.763538
9 11 40.008624
10 16 13.474841
11 18 12.904521
13 16 48.080443
14 18 35.868188
14 16 19.860049
14 15 1.051702
15 18 21.040023
17 18 43.034915
