15 34 1 35728 1591 0
33.194455
9.876105
14.202254
20.508265
3.867804
20.154433
49.882620
38.584647
49.294853
36.292342
48.934443
15.143450
37.293542
36.286427
47.559845
0 10 39.617196
0 9 35.755181
0 8 9.089298
0 4 41.970419
1 10 22.512487
1 9 0.008506
1 8 28.586450
1 5 28.392550
1 4 15.433895
1 3 49.491919
2 14 42.136460
2 12 35.824780
2 9 18.941205
2 7 29.655550
3 9 9.410664
3 6 31.644500
3 5 15.111720
4 13 45.935545
4 11 6.112416
4 10 14.328676
4 6 48.964584
5 8 4.945441
5 7 46.576622
6 9 12.840699
7 14 21.606647
7 12 47.952677
7 10 31.978969
8 12 44.464213
8 9 5.894578
9 13 35.004830
9 11 40.061741
10 11 14.333102
12 14 34.049012
13 14 29.374479
