16 27 1 29533 243 0
28.996487
31.719989
10.874850
6.982025
20.950792
11.045335
47.301631
4.796494
13.152479
6.432282
49.558440
42.245739
9.909690
28.671670
18.360243
25.532010
0 6 49.732405
0 4 46.418778
0 2 8.649713
1 13 46.305476
1 11 20.957065
3 12 38.586594
3 10 23.077242
3 6 12.201225
3 5 1.020113
4 15 9.055754
4 12 34.121411
4 7 26.767399
4 6 12.789668
5 11 39.519628
5 10 4.997508
5 9 48.231368
6 14 9.746662
6 12 26.031204
6 11 42.177329
7 14 5.938044
8 15 47.182285
8 14 8.105565
8 12 13.824761
10 15 22.333257
10 13 43.382865
10 12 36.815779
11 12 37.746397
