19 44 1 25544 1779 0
48.711894
46.698498
32.237398
36.360003
7.272688
10.590711
29.757778
34.503719
33.913167
16.886783
36.667815
18.546082
31.948591
13.364748
48.383244
16.327661
2.305914
29.349675
32.339407
0 14 30.245042
0 12 17.375769
0 6 18.542857
0 3 0.328344
0 2 20.211720
1 18 35.464867
1 17 42.895700
1 7 28.725656
1 6 39.436053
1 5 9.013481
2 18 23.229535
2 16 10.607587
2 13 7.848855
2 10 40.158861
3 18 26.278249
3 14 6.515924
3 13 20.034268
3 9 25.765359
3 6 32.287659
4 18 22.617310
4 10 20.277509
4 7 48.987638
5 18 40.245542
5 12 42.428912
5 10 17.029662
6 17 3.621368
6 15 27.342658
6 13 32.034814
6 10 38.201290
7 18 9.368030
7 9 41.702211
7 8 21.002830
8 17 39.775647
8 15 0.313603
9 18 22.861893
9 11 24.562686
10 16 31.013089
11 18 6.312611
13 16 1.263618
14 18 0.940227
14 16 0.183917
14 15 8.552476
15 18 18.790549
17 18 12.718089
