15 34 1 39014 921 0
31.895718
45.078290
46.251493
16.614873
37.095638
16.366127
6.451329
28.605404
14.120802
3.791458
16.527138
33.606837
41.022198
38.057465
27.075329
0 10 42.345933
0 9 9.370940
0 8 45.590073
0 4 15.207930
1 10 8.599468
1 9 1.848133
1 8 13.418469
1 5 13.896621
1 4 12.845729
1 3 0.218196
2 14 46.070549
2 12 35.911931
2 9 30.705125
2 7 41.203091
3 9 30.725588
3 6 41.387291
3 5 29.954654
4 13 49.926319
4 11 46.162739
4 10 20.136128
4 6 9.619921
5 8 10.746778
5 7 2.934272
6 9 27.005093
7 14 33.618310
7 12 45.240602
7 10 43.807612
8 12 4.364812
8 9 20.855923
9 13 38.824699
9 11 24.828460
10 11 24.653032
12 14 30.970221
13 14 30.327841
