15 34 1 26085 283 0
46.571727
28.251043
1.113330
26.966465
12.084542
48.528760
3.661387
29.706130
9.986309
38.121452
9.941340
43.616785
34.558019
38.966997
12.056338
0 10 41.466978
0 9 22.994304
0 8 35.530936
0 4 1.122329
1 10 41.783197
1 9 21.147679
1 8 33.383167
1 5 6.965587
1 4 10.373704
1 3 25.830269
2 14 47.301172
2 12 41.001557
2 9 34.345339
2 7 36.948641
3 9 13.681028
3 6 40.018462
3 5 14.091561
4 13 4.712896
4 11 26.495560
4 10 45.164742
4 6 38.366951
5 8 46.893730
5 7 30.114398
6 9 46.467058
7 14 39.075948
7 12 27.828272
7 10 46.656357
8 12 13.384421
8 9 47.952837
9 13 8.963819
9 11 26.248700
10 11 16.781871
12 14 11.995046
13 14 39.962759
