17 35 1 35857 6 0
48.629938
9.533546
1.074098
18.072541
22.545903
46.890332
19.532806
22.026691
49.724530
27.911671
20.135376
34.650343
10.131690
33.936233
10.447567
32.554469
24.978714
0 13 5.148547
0 11 7.960614
0 6 31.156678
0 3 10.534932
0 2 37.774335
1 3 27.243500
1 2 1.328725
2 16 5.937026
2 12 48.056685
2 4 33.408174
3 15 43.542373
3 13 44.671547
3 11 25.570241
3 7 31.585733
3 4 39.769457
4 16 34.485188
4 12 42.436586
4 11 5.571091
5 13 42.511741
6 14 29.319357
6 11 18.057299
7 13 37.593165
7 10 3.545443
7 8 30.248296
8 13 17.539758
8 12 46.549144
8 10 19.091335
9 16 32.536175
9 13 20.542581
9 10 4.168051
10 13 28.262111
11 13 5.230041
12 16 31.099041
12 14 44.291961
15 16 26.907154
