16 27 1 21011 462 0
11.845174
21.466980
27.893836
5.184121
19.305459
41.930006
17.696218
32.048285
11.550327
0.253118
36.353414
31.586570
37.329874
11.345529
36.898906
36.914551
0 6 41.063454
0 4 21.111258
0 2 39.430229
1 13 30.157687
1 11 20.762688
3 12 10.270487
3 10 17.914618
3 6 30.544194
3 5 1.549866
4 15 34.943914
4 12 0.368036
4 7 2.903610
4 6 2.893250
5 11 43.504933
5 10 0.602553
5 9 27.137675
6 14 33.534029
6 12 32.394968
6 11 15.031321
7 14 38.969714
8 15 11.047287
8 14 39.968152
8 12 29.323088
10 15 8.721698
10 13 28.950375
10 12 1.728278
11 12 46.305743
