19 44 1 37828 287 0
41.782819
43.438889
43.263018
44.767124
38.403226
19.346554
1.545452
46.544542
20.003477
18.003872
31.950506
6.408282
35.893829
36.118411
10.715091
46.745980
20.037470
3.292849
14.495281
0 14 46.547534
0 12 8.420745
0 6 2.645771
0 3 1.626181
0 2 30.987731
1 18 13.946524
1 17 21.028113
1 7 36.707333
1 6 45.788638
1 5 17.340690
2 18 26.057364
2 16 24.283687
2 13 21.238391
2 10 43.180737
3 18 30.439568
3 14 32.479652
3 13 18.904485
3 9 47.207419
3 6 7.777614
4 18 7.372356
4 10 28.078894
4 7 32.209659
5 18 28.704293
5 12 14.902245
5 10 24.970879
6 17 16.826112
6 15 17.587497
6 13 33.493889
6 10 1.511897
7 18 6.810260
7 9 23.148212
7 8 8.938568
8 17 30.190310
8 15 13.602952
9 18 4.979586
9 11 26.733269
10 16 42.294189
11 18 32.165488
13 16 27.859921
14 18 45.491414
14 16 29.310668
14 15 3.859043
15 18 3.427325
17 18 35.724054
