19 44 1 35757 630 0
8.215147
1.694132
8.601100
36.891554
1.557675
23.181252
29.311069
33.400187
21.538861
16.194796
16.162873
25.791048
27.198288
33.930390
45.348477
28.263520
18.347236
29.239008
34.502213
0 14 36.813094
0 12 20.115385
0 6 15.731973
0 3 22.853995
0 2 36.788378
1 18 19.368159
1 17 32.214527
1 7 37.363101
1 6 22.619966
1 5 48.417150
2 18 32.083214
2 16 22.183026
2 13 41.810234
2 10 3.222739
3 18 24.460652
3 14 4.575967
3 13 5.859933
3 9 6.714126
3 6 24.123065
4 18 26.796859
4 10 3.567500
4 7 39.673445
5 18 17.227310
5 12 4.888108
5 10 37.580899
6 17 45.867429
6 15 17.917204
6 13 27.538375
6 10 24.163871
7 18 29.801191
7 9 13.222862
7 8 9.898270
8 17 9.068510
8 15 40.674701
9 18 46.180516
9 11 44.103018
10 16 13.636578
11 18 35.530043
13 16 10.813008
14 18 20.711163
14 16 43.723409
14 15 18.058020
15 18 34.629047
17 18 21.368051
