16 27 1 24550 329 0
5.733706
20.955891
39.859610
15.594585
28.098790
33.988904
3.445833
32.114347
42.492321
32.841403
39.444256
48.906298
36.349886
45.288800
11.090213
24.974778
0 6 30.732642
0 4 7.848508
0 2 41.612647
1 13 32.033993
1 11 32.528799
3 12 37.676685
3 10 48.745237
3 6 30.684618
3 5 34.509584
4 15 20.073527
4 12 4.533131
4 7 44.722721
4 6 6.360763
5 11 45.931751
5 10 29.455778
5 9 17.685427
6 14 15.005240
6 12 36.671337
6 11 18.239179
7 14 45.189416
8 15 1.556041
8 14 49.233679
8 12 46.419794
10 15 4.780220
10 13 0.462525
10 12 43.537752
11 12 48.373107
