15 34 1 34233 846 0
48.046939
34.759016
37.795159
35.402975
26.767927
46.508301
11.571875
12.468525
39.165905
36.976241
26.915234
2.852317
39.619908
34.837713
24.507853
0 10 15.918045
0 9 45.643063
0 8 30.108333
0 4 45.689561
1 10 16.282068
1 9 2.047981
1 8 31.658947
1 5 48.043448
1 4 27.186825
1 3 35.630832
2 14 9.570390
2 12 24.161675
2 9 21.305038
2 7 48.954149
3 9 0.757824
3 6 48.665208
3 5 17.045565
4 13 11.307055
4 11 0.552057
4 10 6.788395
4 6 29.031137
5 8 5.672763
5 7 37.976262
6 9 8.525758
7 14 36.518674
7 12 27.752888
7 10 26.295723
8 12 18.127981
8 9 13.052479
9 13 21.758116
9 11 0.873993
10 11 30.486172
12 14 14.731595
13 14 15.073457
