15 34 1 23612 52 0
20.624639
47.850582
21.545406
38.705828
49.072074
1.310100
17.258958
34.609726
9.111506
8.866170
20.586527
5.927973
13.830001
20.909256
48.337164
0 10 37.067535
0 9 3.027049
0 8 28.773931
0 4 13.518948
1 10 9.130042
1 9 7.496041
1 8 33.132043
1 5 41.821044
1 4 32.883107
1 3 16.016270
2 14 38.743700
2 12 38.847893
2 9 26.437877
2 7 43.939953
3 9 11.544064
3 6 30.703014
3 5 4.216189
4 13 16.675589
4 11 26.591681
4 10 23.644403
4 6 38.868373
5 8 32.484674
5 7 43.398912
6 9 16.471281
7 14 13.977344
7 12 47.870954
7 10 49.813922
8 12 26.074469
8 9 34.432910
9 13 8.617649
9 11 34.863630
10 11 44.588573
12 14 23.050726
13 14 22.069939
