19 44 1 29875 352 0
49.841822
15.210345
20.637643
28.910758
36.018325
48.133379
47.642117
4.339560
40.944053
33.948143
10.246785
46.529610
49.972233
43.416952
43.134163
6.684717
36.490518
42.949533
43.830630
0 14 15.881408
0 12 47.225278
0 6 21.950925
0 3 1.224430
0 2 38.360612
1 18 33.111530
1 17 19.602424
1 7 14.029150
1 6 34.340201
1 5 46.155300
2 18 3.106582
2 16 48.926545
2 13 30.075676
2 10 42.770355
3 18 28.834015
3 14 30.591023
3 13 33.491636
3 9 27.178422
3 6 6.017201
4 18 13.825981
4 10 48.163454
4 7 37.769321
5 18 45.259386
5 12 16.279061
5 10 13.961000
6 17 18.279347
6 15 42.537803
6 13 16.703774
6 10 9.549390
7 18 9.373872
7 9 45.194017
7 8 33.098829
8 17 17.781196
8 15 34.128213
9 18 38.680102
9 11 18.176211
10 16 44.891705
11 18 4.609433
13 16 7.744003
14 18 19.750678
14 16 33.322855
14 15 38.772586
15 18 5.235917
17 18 48.474137
