16 27 1 26125 144 0
7.522411
33.914121
22.042422
46.598359
6.211448
49.870694
32.975479
2.867805
18.700522
46.359900
33.869500
16.653360
46.692963
42.833319
28.287225
22.941663
0 6 41.815599
0 4 13.281924
0 2 16.563863
1 13 42.301252
1 11 38.372183
3 12 9.590800
3 10 2.733708
3 6 21.366423
3 5 30.951983
4 15 6.854478
4 12 43.279539
4 7 40.031236
4 6 36.189857
5 11 28.633421
5 10 16.734054
5 9 5.824483
6 14 1.989741
6 12 12.360299
6 11 22.351089
7 14 12.447461
8 15 3.732165
8 14 0.535377
8 12 19.076123
10 15 16.721993
10 13 15.310645
10 12 37.191537
11 12 13.406428
