19 44 1 36966 521 0
5.503697
22.082073
27.974040
7.497941
22.632617
49.665238
4.104798
36.413150
33.369395
19.912662
30.957055
31.767552
17.803856
33.118594
17.388253
38.928949
30.964257
34.997086
46.804763
0 14 11.215901
0 12 11.842263
0 6 11.156641
0 3 13.229931
0 2 25.374938
1 18 16.241643
1 17 17.317979
1 7 46.442074
1 6 10.956333
1 5 28.920718
2 18 29.476707
2 16 28.326538
2 13 16.637235
2 10 28.632512
3 18 42.409389
3 14 2.370947
3 13 15.288588
3 9 18.196104
3 6 36.841620
4 18 25.062734
4 10 43.240316
4 7 30.684593
5 18 29.628093
5 12 35.374215
5 10 23.233980
6 17 37.953908
6 15 13.128312
6 13 13.954946
6 10 27.725578
7 18 35.331732
7 9 6.217056
7 8 23.760256
8 17 1.915889
8 15 47.950873
9 18 23.382394
9 11 0.974068
10 16 14.317985
11 18 27.181005
13 16 8.785328
14 18 34.530503
14 16 26.850152
14 15 34.729994
15 18 38.764856
17 18 19.744011
