16 27 1 2130 160 0
41.939292
15.576704
47.722254
30.764080
47.655297
42.575904
46.936738
18.554445
44.769823
48.184024
33.149257
34.621085
36.076547
38.567503
30.016734
4.545718
0 6 15.061271
0 4 9.773633
0 2 20.011402
1 13 35.793707
1 11 39.482052
3 12 35.325884
3 10 33.642087
3 6 29.047080
3 5 37.188739
4 15 6.345458
4 12 19.345238
4 7 3.398481
4 6 1.466221
5 11 48.736146
5 10 25.115241
5 9 42.088485
6 14 25.877948
6 12 47.300565
6 11 40.440091
7 14 29.651428
8 15 48.864815
8 14 0.281433
8 12 36.589347
10 15 8.088281
10 13 6.097847
10 12 8.622123
11 12 17.715936
