19 44 1 21280 167 0
15.693782
4.305295
41.434522
37.490120
19.431205
36.333147
35.371543
9.986448
2.623257
18.190636
23.877493
8.657781
47.198337
42.799753
39.370870
19.399795
33.893845
20.715636
18.883218
0 14 48.510879
0 12 9.897883
0 6 1.633549
0 3 35.697585
0 2 44.191269
1 18 17.525552
1 17 0.957777
1 7 4.472359
1 6 41.262052
1 5 23.819441
2 18 43.428763
2 16 25.125994
2 13 39.208415
2 10 41.457415
3 18 1.819592
3 14 27.491428
3 13 11.933119
3 9 44.905464
3 6 42.581952
4 18 45.339820
4 10 15.867045
4 7 49.811058
5 18 34.696219
5 12 5.272720
5 10 45.088924
6 17 27.206772
6 15 21.102238
6 13 40.604232
6 10 20.258512
7 18 18.918862
7 9 44.234697
7 8 22.408575
8 17 33.799602
8 15 19.734484
9 18 47.917088
9 11 13.154775
10 16 27.939676
11 18 30.608954
13 16 17.249251
14 18 38.594166
14 16 14.973834
14 15 0.855862
15 18 18.133703
17 18 46.386725
