16 27 1 2844 176 0
31.354226
18.467375
16.287185
34.368763
23.025041
35.532577
9.745746
28.763367
42.506090
44.310388
14.449486
7.015166
5.906912
30.934126
49.497988
39.778168
0 6 35.925649
0 4 11.214826
0 2 27.772361
1 13 8.547757
1 11 43.457374
3 12 43.193048
3 10 47.026635
3 6 5.365770
3 5 46.773743
4 15 12.749623
4 12 7.185532
4 7 48.562152
4 6 16.805757
5 11 6.706788
5 10 43.945763
5 9 12.490836
6 14 47.938204
6 12 6.135658
6 11 35.247200
7 14 38.999356
8 15 45.714272
8 14 36.057102
8 12 10.498772
10 15 21.121768
10 13 13.075826
10 12 27.071300
11 12 6.366761
