15 34 1 25533 1063 0
22.957989
1.356467
22.576690
37.981565
8.276225
16.341315
34.201571
49.599772
33.893789
41.384462
37.711395
5.925021
12.315413
26.753731
39.080356
0 10 37.391939
0 9 6.631444
0 8 31.031352
0 4 14.811720
1 10 38.447150
1 9 42.087247
1 8 41.500075
1 5 15.300374
1 4 5.749666
1 3 44.969143
2 14 24.933065
2 12 27.932802
2 9 45.204247
2 7 12.244232
3 9 31.632676
3 6 40.209625
3 5 11.057898
4 13 5.983836
4 11 47.480203
4 10 12.769186
4 6 14.460785
5 8 45.273816
5 7 37.648109
6 9 28.353313
7 14 27.231031
7 12 37.129005
7 10 34.632915
8 12 26.696933
8 9 34.379070
9 13 30.966431
9 11 27.939128
10 11 35.036361
12 14 18.017125
13 14 31.086276
