18 32 1 29933 160 0
15.594100
46.544791
22.958373
39.392497
35.224893
20.912567
7.568708
22.068448
15.804273
13.514240
26.677881
5.955364
21.258243
47.566375
25.706042
42.963247
30.889230
13.736067
0 7 31.735833
0 2 18.971984
1 17 5.224025
1 7 2.162683
2 16 36.926003
2 14 10.884938
2 10 1.137349
2 9 19.738334
3 16 15.871535
3 8 45.008290
4 9 27.031674
4 7 36.954484
5 17 16.767926
5 10 1.275931
5 9 1.175974
5 6 6.210036
6 13 38.915048
7 16 20.124001
7 15 8.939311
7 13 7.211107
7 12 34.593873
8 17 19.058857
9 16 44.575083
11 17 9.826945
11 16 43.760418
11 12 33.886861
12 13 15.647797
13 17 24.501648
13 16 29.054072
13 15 24.889692
15 17 7.942739
15 16 13.141853
