16 27 1 37871 913 0
23.482537
24.415375
10.335849
33.259822
39.336094
45.666599
13.245526
49.712175
19.333011
0.792580
41.267671
36.274306
9.928542
6.536896
33.381173
27.829181
0 6 27.344075
0 4 33.722963
0 2 7.554626
1 13 21.598364
1 11 1.790937
3 12 4.486135
3 10 1.798288
3 6 43.786207
3 5 36.953361
4 15 8.540648
4 12 49.788655
4 7 26.001630
4 6 22.578754
5 11 5.395972
5 10 23.806197
5 9 10.336476
6 14 45.260011
6 12 16.854018
6 11 14.500745
7 14 46.365918
8 15 10.196041
8 14 0.164454
8 12 13.390039
10 15 37.275155
10 13 48.072718
10 12 26.632856
11 12 17.601977
