18 32 1 34222 409 0
27.236982
46.849753
10.422599
35.054423
37.084344
28.003837
14.729662
36.940317
46.415169
47.017738
41.510549
28.760532
7.945132
39.985839
19.930232
34.232891
9.972047
2.941350
0 7 30.215789
0 2 7.992881
1 17 24.129953
1 7 36.276615
2 16 15.066132
2 14 16.454705
2 10 38.812866
2 9 33.944463
3 16 28.746110
3 8 27.239301
4 9 7.969124
4 7 40.493509
5 17 2.415003
5 10 39.465513
5 9 32.671533
5 6 25.286585
6 13 12.518287
7 16 34.678420
7 15 6.552300
7 13 25.554206
7 12 37.356035
8 17 8.713142
9 16 35.700598
11 17 25.404365
11 16 13.686412
11 12 7.922480
12 13 26.298138
13 17 21.135210
13 16 46.854631
13 15 1.058375
15 17 10.038283
15 16 42.413485
