18 32 1 40975 327 0
38.082224
3.302812
17.806055
14.072513
47.810092
37.255477
37.240272
24.320756
17.943869
42.353074
43.732319
2.026449
17.091060
7.198291
32.263914
31.211942
18.173549
16.020330
0 7 2.299035
0 2 26.793937
1 17 6.066468
1 7 5.091762
2 16 22.812713
2 14 29.380400
2 10 8.906050
2 9 2.091178
3 16 31.535136
3 8 13.967582
4 9 24.222026
4 7 11.128483
5 17 33.937900
5 10 25.152636
5 9 9.431484
5 6 32.222143
6 13 35.447592
7 16 28.349343
7 15 27.223637
7 13 19.360398
7 12 0.879813
8 17 48.824716
9 16 16.203421
11 17 36.497969
11 16 0.817165
11 12 16.513966
12 13 32.377001
13 17 42.993537
13 16 5.861991
13 15 32.516714
15 17 11.472359
15 16 27.023995
