15 34 1 22050 226 0
9.110338
47.659082
35.860231
33.891207
32.958179
20.057124
35.550200
25.791002
20.010759
12.863474
32.946076
23.648091
22.012205
37.831526
7.211105
0 10 24.538028
0 9 25.771723
0 8 1.251419
0 4 43.169450
1 10 5.191555
1 9 25.840897
1 8 36.643215
1 5 42.429495
1 4 7.372879
1 3 34.419391
2 14 23.046756
2 12 26.814286
2 9 24.487273
2 7 31.783834
3 9 11.689965
3 6 5.346469
3 5 24.445722
4 13 10.870612
4 11 27.286379
4 10 47.633854
4 6 40.551856
5 8 43.139800
5 7 21.737292
6 9 25.754230
7 14 25.657872
7 12 20.374258
7 10 14.650136
8 12 47.542386
8 9 36.866305
9 13 37.272773
9 11 48.941579
10 11 34.784263
12 14 23.737435
13 14 49.084443
