17 35 1 33622 244 0
12.471397
42.247947
11.539859
47.314765
25.795821
14.891690
48.441376
13.428353
36.875629
18.471749
8.735464
48.899987
15.783289
14.404869
18.296737
45.053835
14.127868
0 13 45.767340
0 11 2.687536
0 6 14.107859
0 3 40.681581
0 2 6.847035
1 3 46.848676
1 2 2.748803
2 16 43.695550
2 12 26.013230
2 4 20.792571
3 15 39.451690
3 13 27.780549
3 11 42.956388
3 7 23.706728
3 4 44.977274
4 16 21.489124
4 12 33.115422
4 11 24.724711
5 13 47.491430
6 14 39.144012
6 11 37.481172
7 13 35.562618
7 10 0.466058
7 8 35.226724
8 13 20.268482
8 12 17.384208
8 10 40.240220
9 16 17.643611
9 13 21.845294
9 10 40.557863
10 13 10.110903
11 13 7.567181
12 16 36.223648
12 14 40.449607
15 16 47.698185
