18 32 1 20516 99 0
30.963832
28.339144
36.510344
41.646477
7.240555
3.855410
2.709506
34.698503
19.093327
6.235762
9.027020
0.456428
43.544307
33.146743
44.296443
23.041519
7.490454
8.706242
0 7 30.236808
0 2 28.292954
1 17 43.044879
1 7 41.613545
2 16 43.975233
2 14 6.935725
2 10 30.069746
2 9 13.288832
3 16 29.546033
3 8 20.435501
4 9 5.227890
4 7 38.491301
5 17 39.985256
5 10 47.401654
5 9 5.077127
5 6 42.987940
6 13 35.002354
7 16 6.006984
7 15 25.997180
7 13 32.733259
7 12 2.048110
8 17 4.922101
9 16 27.568540
11 17 48.697947
11 16 38.740320
11 12 39.370112
12 13 8.662275
13 17 8.223120
13 16 9.897022
13 15 32.929228
15 17 10.516883
15 16 0.288085
