15 34 1 2537 427 0
24.081499
49.710147
15.498281
7.422793
13.635400
39.096676
21.330627
9.108303
44.337678
13.686913
5.525027
7.438062
42.608150
40.393103
41.434501
0 10 37.471685
0 9 40.782636
0 8 36.740418
0 4 24.667839
1 10 21.268836
1 9 36.511552
1 8 23.610922
1 5 5.540550
1 4 43.412459
1 3 41.771862
2 14 18.886097
2 12 22.165879
2 9 25.206215
2 7 33.519427
3 9 28.460942
3 6 24.078778
3 5 19.440881
4 13 15.161409
4 11 25.189054
4 10 34.967069
4 6 12.099078
5 8 30.744577
5 7 40.809581
6 9 11.983580
7 14 41.535824
7 12 35.057292
7 10 34.623979
8 12 38.416321
8 9 43.075963
9 13 42.474470
9 11 45.848277
10 11 37.469531
12 14 31.414662
13 14 21.470458
