16 27 1 3771 248 0
43.251649
27.089256
49.609487
18.347761
30.230191
15.028325
27.866254
5.945832
0.789272
20.959976
25.376651
13.244855
19.908609
28.280714
12.197789
39.558694
0 6 30.485479
0 4 22.691188
0 2 27.932900
1 13 28.790221
1 11 20.125873
3 12 11.985576
3 10 0.665001
3 6 7.194953
3 5 19.483459
4 15 12.264411
4 12 21.832765
4 7 5.659482
4 6 11.090641
5 11 35.866891
5 10 9.316846
5 9 20.557944
6 14 5.901203
6 12 11.371898
6 11 15.814826
7 14 31.185534
8 15 24.304452
8 14 4.510892
8 12 35.565313
10 15 18.886103
10 13 18.510285
10 12 4.762422
11 12 21.281179
