16 27 1 39085 335 0
37.767944
0.455602
34.946364
28.845076
37.747343
6.700599
22.104921
25.594266
4.957221
42.900448
47.070932
1.656765
48.630827
47.847324
40.433318
24.947902
0 6 48.959158
0 4 42.559394
0 2 35.769732
1 13 4.005778
1 11 14.838707
3 12 6.901578
3 10 38.176278
3 6 39.974818
3 5 32.922619
4 15 4.789298
4 12 31.621780
4 7 46.264228
4 6 19.794667
5 11 38.235766
5 10 41.182483
5 9 43.373396
6 14 4.854586
6 12 23.088224
6 11 7.159270
7 14 29.199392
8 15 49.268918
8 14 4.350819
8 12 18.567986
10 15 13.389417
10 13 19.246819
10 12 22.160566
11 12 45.072933
