18 32 1 20414 268 0
21.728443
48.373499
47.153975
22.672966
42.898572
26.062057
28.598681
6.733766
16.205824
13.851494
13.806908
21.109867
4.722794
27.816248
14.462707
7.766835
23.901642
23.638733
0 7 11.003311
0 2 31.440217
1 17 34.036187
1 7 23.979698
2 16 11.450110
2 14 4.931758
2 10 26.369346
2 9 39.053625
3 16 49.333167
3 8 49.585377
4 9 38.685962
4 7 41.783341
5 17 36.901069
5 10 30.309119
5 9 4.272970
5 6 25.002508
6 13 15.842607
7 16 24.852945
7 15 27.608460
7 13 40.770076
7 12 44.613839
8 17 29.738696
9 16 22.362036
11 17 44.506506
11 16 0.744518
11 12 49.627050
12 13 9.883085
13 17 41.923350
13 16 37.916527
13 15 48.147928
15 17 26.443229
15 16 7.465779
