17 35 1 21925 21 0
13.206438
7.571766
3.529240
31.129200
43.889191
0.708326
40.188110
15.217896
35.545587
23.284911
10.480134
29.053932
29.879324
25.443190
19.727606
19.289456
48.303359
0 13 11.163851
0 11 38.005011
0 6 18.351089
0 3 26.243565
0 2 34.918207
1 3 8.796038
1 2 3.560459
2 16 49.055480
2 12 43.785412
2 4 5.021416
3 15 20.372789
3 13 30.039325
3 11 30.719445
3 7 23.537024
3 4 28.820863
4 16 4.465994
4 12 42.269198
4 11 24.506766
5 13 17.144286
6 14 40.865204
6 11 6.436666
7 13 37.911534
7 10 39.917414
7 8 21.129351
8 13 17.151693
8 12 28.196564
8 10 46.390079
9 16 31.182181
9 13 17.329146
9 10 33.272160
10 13 47.545686
11 13 36.134722
12 16 30.209160
12 14 0.435172
15 16 11.391820
