19 44 1 2016 103 0
7.037038
42.097184
36.121154
12.109522
38.050659
27.453935
28.514312
20.952836
37.259384
1.726663
37.265743
11.754445
28.561595
11.223170
17.650885
46.224469
30.454064
5.702827
31.509833
0 14 14.532295
0 12 2.631170
0 6 25.724479
0 3 49.412941
0 2 30.938688
1 18 38.112885
1 17 38.421624
1 7 47.815058
1 6 18.260727
1 5 29.045458
2 18 12.528377
2 16 26.479306
2 13 9.333716
2 10 41.933706
3 18 18.156540
3 14 37.068018
3 13 9.605466
3 9 32.662318
3 6 12.505652
4 18 32.804853
4 10 13.459845
4 7 5.138244
5 18 1.127806
5 12 2.412614
5 10 28.222294
6 17 8.602096
6 15 12.230193
6 13 15.033493
6 10 22.783878
7 18 27.122094
7 9 4.603732
7 8 23.629254
8 17 3.889299
8 15 49.539142
9 18 38.366830
9 11 9.839291
10 16 3.261733
11 18 3.708143
13 16 17.930837
14 18 23.778073
14 16 37.578830
14 15 36.903802
15 18 17.461570
17 18 21.372931
