18 32 1 2575 76 0
19.769047
29.663476
21.051378
17.127326
20.715386
40.740071
1.071750
4.340973
41.439115
14.539249
40.381338
1.397914
17.020003
26.147109
14.155026
49.418851
11.579856
44.719470
0 7 9.244352
0 2 14.537789
1 17 5.612573
1 7 47.262144
2 16 38.112549
2 14 6.938305
2 10 14.270356
2 9 10.657075
3 16 43.834678
3 8 26.061804
4 9 35.713434
4 7 9.445677
5 17 18.898834
5 10 2.241880
5 9 25.884531
5 6 27.773330
6 13 2.903072
7 16 32.195549
7 15 15.283795
7 13 6.919496
7 12 43.756136
8 17 34.389942
9 16 40.565154
11 17 43.348225
11 16 26.419478
11 12 29.306259
12 13 36.910950
13 17 38.227684
13 16 15.217615
13 15 38.863644
15 17 4.291300
15 16 26.231028
