15 34 1 41342 237 0
43.457370
9.266818
12.976091
49.245967
21.793517
12.370045
41.786238
35.822566
1.563463
30.472113
37.507828
48.471943
10.414522
48.169224
1.550985
0 10 40.731830
0 9 7.272814
0 8 23.170993
0 4 14.273128
1 10 13.925347
1 9 49.183246
1 8 19.428670
1 5 25.965554
1 4 43.948077
1 3 10.050321
2 14 7.025890
2 12 34.980282
2 9 23.983828
2 7 30.356284
3 9 25.866918
3 6 24.006757
3 5 8.895043
4 13 28.907150
4 11 45.664874
4 10 11.862810
4 6 41.722758
5 8 4.489011
5 7 11.536764
6 9 8.225658
7 14 15.686937
7 12 48.678887
7 10 40.696344
8 12 15.561283
8 9 49.111564
9 13 37.135944
9 11 24.443075
10 11 41.577230
12 14 42.422271
13 14 15.404153
