17 35 1 21433 295 0
6.398172
30.806588
5.395663
20.647840
20.859461
19.713938
29.873783
25.762467
8.579441
49.148238
5.048242
20.875017
15.248597
24.664206
3.133070
39.614675
37.699772
0 13 19.046136
0 11 27.559542
0 6 34.955967
0 3 48.094376
0 2 25.152660
1 3 42.289830
1 2 41.548447
2 16 15.771057
2 12 43.671984
2 4 43.214496
3 15 16.292680
3 13 21.965362
3 11 24.025206
3 7 30.689515
3 4 45.973450
4 16 36.389183
4 12 4.130028
4 11 10.483107
5 13 44.132910
6 14 20.728867
6 11 22.417311
7 13 28.658455
7 10 1.295018
7 8 36.320793
8 13 30.848409
8 12 8.352924
8 10 48.512253
9 16 12.582008
9 13 23.158666
9 10 21.226870
10 13 13.575713
11 13 34.151700
12 16 21.564779
12 14 6.791735
15 16 3.212290
