17 35 1 20633 854 0
23.354992
30.910462
35.924040
29.068080
35.384532
12.802055
37.671250
32.408231
28.390044
15.298239
45.775634
6.294112
27.051619
24.165516
9.273892
7.791887
19.586938
0 13 31.470238
0 11 49.179573
0 6 37.914512
0 3 17.206754
0 2 4.359447
1 3 5.780586
1 2 38.272908
2 16 15.176425
2 12 21.369766
2 4 4.567902
3 15 31.915756
3 13 12.561864
3 11 32.751767
3 7 24.265614
3 4 28.129869
4 16 26.504221
4 12 37.413927
4 11 38.744342
5 13 25.924309
6 14 30.027151
6 11 35.168948
7 13 22.105190
7 10 21.253463
7 8 42.625226
8 13 31.526120
8 12 26.795050
8 10 34.169261
9 16 10.655870
9 13 8.212891
9 10 23.838311
10 13 16.978984
11 13 45.942867
12 16 26.026327
12 14 29.721351
15 16 40.638304
