15 34 1 29040 902 0
34.568196
1.376396
5.779963
45.379366
6.831794
5.978136
37.383823
39.390068
47.830607
43.485358
36.644739
8.377635
36.801513
10.755274
32.540075
0 10 16.475252
0 9 19.109000
0 8 19.585465
0 4 23.072942
1 10 15.580168
1 9 21.704483
1 8 7.226175
1 5 8.312601
1 4 45.588977
1 3 34.452848
2 14 16.520791
2 12 28.352167
2 9 38.261591
2 7 42.555597
3 9 8.639038
3 6 29.179300
3 5 30.888809
4 13 39.481091
4 11 37.714395
4 10 18.367318
4 6 22.073300
5 8 3.379029
5 7 1.092583
6 9 7.972360
7 14 21.380627
7 12 37.649904
7 10 32.856191
8 12 43.812276
8 9 37.839595
9 13 17.757007
9 11 39.678745
10 11 21.592923
12 14 45.224606
13 14 21.041828
