17 35 1 23709 1175 0
44.334383
32.559993
43.443341
10.715678
16.030650
5.423943
26.151982
12.919481
30.410688
47.580092
22.856385
27.406181
0.935447
48.300881
25.369105
24.141985
28.187130
0 13 1.965724
0 11 25.676007
0 6 39.797231
0 3 29.416794
0 2 2.142552
1 3 7.190134
1 2 46.886190
2 16 33.104393
2 12 3.904322
2 4 45.476833
3 15 19.972053
3 13 39.738953
3 11 31.252699
3 7 18.487592
3 4 42.514239
4 16 7.740710
4 12 33.317683
4 11 31.606272
5 13 46.370703
6 14 37.606645
6 11 3.144358
7 13 37.283265
7 10 5.257760
7 8 29.476730
8 13 14.207729
8 12 18.490347
8 10 33.349878
9 16 1.731927
9 13 25.374434
9 10 44.156157
10 13 12.849096
11 13 12.368638
12 16 35.313583
12 14 19.281693
15 16 4.997975
