16 27 1 35366 456 0
49.233791
4.036947
48.425577
39.592502
40.671786
43.615919
37.601437
41.082464
48.729468
40.278654
7.440450
9.189080
12.782123
3.716012
39.574432
1.174783
0 6 5.324042
0 4 40.071968
0 2 9.517577
1 13 19.480467
1 11 31.319798
3 12 6.049005
3 10 11.003877
3 6 35.984709
3 5 30.144006
4 15 49.830170
4 12 28.026205
4 7 11.898256
4 6 27.710260
5 11 35.944754
5 10 23.054719
5 9 41.667167
6 14 32.122072
6 12 38.445661
6 11 7.630605
7 14 2.488688
8 15 19.304943
8 14 34.176343
8 12 34.644753
10 15 40.546489
10 13 4.571338
10 12 35.604552
11 12 27.808266
