15 34 1 2888 108 0
38.736144
23.610995
7.326568
46.070406
15.679609
4.203866
34.948849
22.403371
37.464443
2.233182
31.847032
41.599012
32.988960
5.588774
43.956570
0 10 7.758098
0 9 48.615794
0 8 45.486864
0 4 49.875860
1 10 19.808646
1 9 36.069191
1 8 7.292705
1 5 15.607892
1 4 18.594758
1 3 48.697628
2 14 4.898495
2 12 49.614013
2 9 40.365937
2 7 9.148898
3 9 34.836155
3 6 25.921519
3 5 6.533705
4 13 22.224422
4 11 17.289109
4 10 0.503482
4 6 28.692340
5 8 12.482307
5 7 16.431287
6 9 27.356105
7 14 17.309085
7 12 49.691209
7 10 28.955228
8 12 49.509446
8 9 1.152416
9 13 1.286113
9 11 23.396015
10 11 28.582825
12 14 1.744944
13 14 31.950290
