18 32 1 37150 1473 0
18.688280
3.940469
7.056930
35.263185
0.891683
18.344332
14.592481
25.186602
26.914191
47.259723
22.802622
27.874421
33.176036
6.403693
25.103217
27.482195
21.735899
34.215706
0 7 14.079958
0 2 15.827230
1 17 24.228084
1 7 22.251749
2 16 10.685669
2 14 22.598662
2 10 8.952161
2 9 17.250915
3 16 26.550127
3 8 34.353424
4 9 43.329199
4 7 38.402330
5 17 39.142036
5 10 22.535514
5 9 49.060562
5 6 48.460960
6 13 16.498862
7 16 19.766462
7 15 17.477292
7 13 16.818385
7 12 10.722830
8 17 41.473407
9 16 30.703988
11 17 35.684083
11 16 26.866920
11 12 48.396722
12 13 31.305122
13 17 36.327940
13 16 8.377419
13 15 34.692411
15 17 3.134868
15 16 20.578500
