15 34 1 2833 74 0
34.706359
29.977048
36.756672
36.825211
28.767132
19.807442
17.844225
0.850730
20.438183
45.242849
7.708361
21.778874
15.290670
46.840191
44.050874
0 10 41.324651
0 9 5.674004
0 8 48.254674
0 4 0.390193
1 10 10.821236
1 9 21.845770
1 8 34.155856
1 5 21.203612
1 4 22.362447
1 3 37.728121
2 14 29.947792
2 12 27.031883
2 9 27.973745
2 7 38.506883
3 9 37.565402
3 6 43.803493
3 5 41.944914
4 13 31.589125
4 11 44.387828
4 10 43.512678
4 6 34.118087
5 8 33.354054
5 7 3.014536
6 9 19.245392
7 14 5.738326
7 12 34.564641
7 10 14.509076
8 12 16.484640
8 9 33.871256
9 13 42.235440
9 11 40.338597
10 11 0.326712
12 14 35.516430
13 14 22.483099
