18 32 1 34255 512 0
37.599127
19.934045
0.974066
36.569591
41.325642
25.454923
31.291746
19.912140
27.704880
40.440082
47.200293
4.760760
47.852179
1.215526
47.815976
15.118502
6.072330
24.359664
0 7 5.744081
0 2 49.481722
1 17 4.362669
1 7 27.113341
2 16 13.276321
2 14 21.001525
2 10 34.830060
2 9 1.157177
3 16 45.170244
3 8 11.259049
4 9 12.394959
4 7 16.902073
5 17 43.724689
5 10 10.810778
5 9 29.872754
5 6 15.900330
6 13 20.896284
7 16 31.903258
7 15 25.412214
7 13 42.578354
7 12 28.095414
8 17 19.911666
9 16 22.180532
11 17 48.729599
11 16 13.551662
11 12 43.812766
12 13 48.952578
13 17 35.541873
13 16 25.469090
13 15 34.217933
15 17 13.235758
15 16 40.958678
