18 32 1 27125 1820 0
29.104513
2.716247
40.970479
21.990885
2.911887
26.677632
19.368753
41.547874
17.929934
29.905684
5.311963
15.122550
41.438393
10.774264
3.989901
40.901612
35.136288
27.897358
0 7 23.021088
0 2 21.550294
1 17 44.743344
1 7 1.615787
2 16 48.843681
2 14 41.102340
2 10 14.620564
2 9 2.871918
3 16 42.197738
3 8 32.268675
4 9 47.331678
4 7 41.472176
5 17 15.321159
5 10 13.417905
5 9 23.812181
5 6 47.208418
6 13 2.036684
7 16 20.690131
7 15 38.618839
7 13 37.923602
7 12 6.844149
8 17 37.618191
9 16 49.232796
11 17 27.055755
11 16 46.273913
11 12 2.997025
12 13 9.523039
13 17 46.249233
13 16 27.379769
13 15 44.155258
15 17 8.221331
15 16 48.025219
