18 32 1 27437 209 0
44.260169
27.232101
12.511579
35.189533
19.707720
26.260925
48.133583
15.021788
19.455060
26.835263
31.270136
14.295134
24.884280
43.503792
4.713968
38.013850
39.101398
40.185729
0 7 2.910585
0 2 36.426191
1 17 12.709785
1 7 1.185464
2 16 13.984218
2 14 20.065057
2 10 11.514893
2 9 24.101211
3 16 49.514759
3 8 0.287397
4 9 8.830720
4 7 24.483605
5 17 34.037591
5 10 33.604648
5 9 37.381736
5 6 28.937288
6 13 47.173829
7 16 47.893191
7 15 28.313015
7 13 27.459994
7 12 46.466751
8 17 39.166343
9 16 11.850278
11 17 32.008115
11 16 7.076486
11 12 9.013379
12 13 2.037969
13 17 6.008062
13 16 32.864870
13 15 24.827119
15 17 12.318757
15 16 10.538927
