19 44 1 24725 221 0
35.050607
44.452596
9.080324
36.249678
41.695788
29.397730
3.617980
3.540422
40.643897
11.838502
43.611847
3.805705
23.483451
2.346073
22.470279
42.989780
15.340868
38.347676
18.660173
0 14 23.684177
0 12 14.863358
0 6 43.057442
0 3 26.693450
0 2 47.678300
1 18 4.420753
1 17 24.888218
1 7 25.875455
1 6 40.569137
1 5 14.755876
2 18 45.917082
2 16 37.721407
2 13 0.077828
2 10 22.193065
3 18 5.408347
3 14 11.727782
3 13 31.824986
3 9 0.587389
3 6 9.975614
4 18 47.182150
4 10 17.118449
4 7 24.449045
5 18 0.476252
5 12 3.144564
5 10 5.597685
6 17 35.154949
6 15 44.494817
6 13 1.237554
6 10 12.943835
7 18 37.640254
7 9 33.971361
7 8 47.444706
8 17 25.959177
8 15 40.678775
9 18 25.312934
9 11 43.588704
10 16 39.463827
11 18 34.438051
13 16 18.362248
14 18 30.985469
14 16 5.483054
14 15 25.474701
15 18 39.016774
17 18 44.550516
