19 44 1 20920 89 0
2.750919
45.573452
36.321221
38.584831
21.894996
25.401935
16.980460
4.984414
13.501661
41.806392
11.275953
38.734096
29.089269
41.408470
3.768048
11.377821
44.563073
17.219689
38.088918
0 14 21.041522
0 12 27.824044
0 6 19.275675
0 3 44.150067
0 2 29.677080
1 18 19.221844
1 17 12.500395
1 7 30.727486
1 6 36.690292
1 5 18.065686
2 18 19.631082
2 16 2.950659
2 13 38.961346
2 10 12.133226
3 18 38.922202
3 14 38.428085
3 13 23.566011
3 9 44.102877
3 6 10.928903
4 18 20.290810
4 10 48.002421
4 7 35.012248
5 18 4.307949
5 12 11.588040
5 10 21.869154
6 17 32.672947
6 15 39.525803
6 13 49.865414
6 10 29.982735
7 18 28.826318
7 9 41.351556
7 8 28.868661
8 17 33.506533
8 15 7.759252
9 18 11.224483
9 11 35.041418
10 16 17.562715
11 18 19.729718
13 16 35.793399
14 18 12.868906
14 16 10.971485
14 15 49.162789
15 18 31.165459
17 18 28.984438
