17 35 1 2877 535 0
0.477243
23.643969
9.940734
33.758582
19.156638
5.974191
12.754194
46.861710
38.064750
34.490712
35.065554
11.578181
27.348998
30.541914
48.167438
4.078675
3.089574
0 13 5.018053
0 11 1.270686
0 6 43.444069
0 3 35.285010
0 2 7.513941
1 3 6.128375
1 2 38.743574
2 16 39.870503
2 12 8.680958
2 4 31.544180
3 15 36.383279
3 13 2.719899
3 11 13.471445
3 7 48.222990
3 4 12.465518
4 16 47.102934
4 12 39.476779
4 11 49.305218
5 13 36.470507
6 14 28.519057
6 11 6.203146
7 13 33.377709
7 10 33.387656
7 8 7.334262
8 13 46.877298
8 12 6.723762
8 10 17.284333
9 16 4.134569
9 13 23.741742
9 10 24.769137
10 13 4.659224
11 13 3.690831
12 16 20.245691
12 14 27.056849
15 16 37.586277
