19 44 1 39640 3367 0
45.572168
49.137526
34.707068
3.175294
20.791232
9.722638
7.307104
3.846868
32.742619
48.933164
37.491916
18.246346
41.141105
5.199870
41.112930
49.403559
48.988415
32.293168
23.779017
0 14 32.913613
0 12 8.036622
0 6 29.740986
0 3 15.287355
0 2 26.051080
1 18 6.106264
1 17 32.182108
1 7 49.705551
1 6 26.035022
1 5 42.664506
2 18 42.170808
2 16 17.373806
2 13 32.738775
2 10 1.530084
3 18 21.562090
3 14 5.921351
3 13 44.472724
3 9 42.358200
3 6 10.363714
4 18 30.260524
4 10 44.255495
4 7 1.413278
5 18 41.610579
5 12 11.795004
5 10 10.547019
6 17 47.527491
6 15 46.057180
6 13 13.134981
6 10 37.474972
7 18 10.938289
7 9 48.488318
7 8 13.512764
8 17 30.817612
8 15 17.174752
9 18 13.516520
9 11 27.596121
10 16 33.802065
11 18 34.209617
13 16 30.128227
14 18 43.058245
14 16 0.464132
14 15 43.393073
15 18 5.487032
17 18 25.317267
