16 27 1 3080 404 0
49.811643
15.747421
41.729505
35.827886
47.011193
43.740886
47.954482
22.739369
20.039753
33.141130
5.487467
38.360826
37.033748
38.021872
25.642009
15.578904
0 6 49.479804
0 4 13.096084
0 2 27.348727
1 13 29.413141
1 11 3.513425
3 12 23.108843
3 10 12.174476
3 6 18.599279
3 5 11.131670
4 15 47.814006
4 12 4.069669
4 7 30.882231
4 6 28.909618
5 11 12.470248
5 10 24.391570
5 9 31.522270
6 14 9.371798
6 12 13.191565
6 11 48.810490
7 14 46.748514
8 15 35.005206
8 14 34.859157
8 12 15.241605
10 15 9.165802
10 13 13.787218
10 12 34.516138
11 12 2.748295
