16 27 1 3337 920 0
0.444740
30.268612
16.798974
49.341313
15.190043
48.862226
25.182995
18.240987
5.416986
49.863871
13.068439
13.442895
23.757758
16.219133
49.540840
21.101181
0 6 29.489918
0 4 34.836605
0 2 28.207037
1 13 3.146495
1 11 1.961481
3 12 45.038551
3 10 22.588777
3 6 13.169524
3 5 33.235115
4 15 22.374830
4 12 28.830724
4 7 16.666145
4 6 47.421697
5 11 47.690606
5 10 45.953717
5 9 42.280635
6 14 15.765882
6 12 15.490008
6 11 5.995966
7 14 31.980908
8 15 23.572428
8 14 34.569687
8 12 29.985962
10 15 19.194723
10 13 27.707709
10 12 11.646235
11 12 39.127379
