15 34 1 2680 476 0
13.683287
37.654624
20.243654
43.121489
11.584128
18.948116
49.288719
14.335016
45.881551
39.352212
34.294336
46.231521
30.119539
14.304948
34.586763
0 10 31.883862
0 9 39.665295
0 8 7.869467
0 4 27.184399
1 10 26.723307
1 9 0.746731
1 8 37.394175
1 5 41.887411
1 4 32.259641
1 3 2.109110
2 14 41.126162
2 12 24.669849
2 9 16.938776
2 7 39.755514
3 9 44.141601
3 6 47.757061
3 5 0.871864
4 13 48.764232
4 11 27.567037
4 10 16.533971
4 6 27.876577
5 8 26.898596
5 7 35.857056
6 9 47.136209
7 14 48.328042
7 12 43.497828
7 10 20.302545
8 12 44.915382
8 9 32.189739
9 13 0.411619
9 11 38.731358
10 11 2.356803
12 14 35.591036
13 14 48.344553
