18 32 1 32850 480 0
34.285265
1.337595
8.220697
38.842720
37.523065
11.892102
32.774663
36.898393
20.235321
27.092946
45.100221
7.780690
28.150248
7.796927
12.860976
19.582508
22.266132
23.351380
0 7 19.337503
0 2 32.288264
1 17 41.704327
1 7 44.343452
2 16 38.025696
2 14 33.984002
2 10 28.313050
2 9 8.499527
3 16 7.111986
3 8 48.425849
4 9 32.920985
4 7 16.979595
5 17 26.441860
5 10 35.818132
5 9 14.712351
5 6 12.654216
6 13 5.946797
7 16 30.219501
7 15 26.868263
7 13 20.558779
7 12 1.313750
8 17 22.055891
9 16 22.812048
11 17 16.160547
11 16 26.578010
11 12 19.810684
12 13 33.247566
13 17 37.520200
13 16 31.920123
13 15 48.992261
15 17 31.422596
15 16 30.682329
