17 35 1 25133 2115 0
49.352126
2.070074
33.605011
6.400882
32.825415
18.062407
40.985363
34.742967
8.620188
47.828021
2.006474
14.812439
0.950518
34.195184
16.019195
4.723216
33.136436
0 13 3.581846
0 11 30.132597
0 6 5.636592
0 3 48.260481
0 2 49.767341
1 3 7.882590
1 2 10.795682
2 16 29.246058
2 12 23.206271
2 4 45.691171
3 15 26.632303
3 13 49.888867
3 11 32.440612
3 7 25.410841
3 4 30.720500
4 16 49.772231
4 12 0.901355
4 11 26.501002
5 13 17.652185
6 14 8.106319
6 11 34.830613
7 13 47.313457
7 10 5.590168
7 8 8.492052
8 13 12.206454
8 12 20.065118
8 10 34.617362
9 16 13.299081
9 13 34.655290
9 10 33.693769
10 13 18.843980
11 13 49.678137
12 16 13.370829
12 14 26.283282
15 16 0.940622
