19 44 1 22933 1087 0
35.210203
49.789254
15.806309
23.804985
47.592178
9.082937
43.583375
45.127782
43.309783
16.035248
17.591457
41.136261
42.164697
49.492123
33.988158
12.739669
39.759643
40.028342
2.901917
0 14 39.852866
0 12 34.070757
0 6 27.486741
0 3 12.988146
0 2 18.806895
1 18 44.221184
1 17 3.136241
1 7 23.341455
1 6 41.602616
1 5 20.524600
2 18 25.734175
2 16 4.321855
2 13 28.724545
2 10 0.858594
3 18 43.573621
3 14 44.366130
3 13 21.409460
3 9 14.795838
3 6 10.079520
4 18 37.435653
4 10 45.710022
4 7 36.421561
5 18 25.667275
5 12 25.787488
5 10 42.187408
6 17 4.000290
6 15 32.871936
6 13 34.792020
6 10 12.136124
7 18 3.060694
7 9 26.537550
7 8 39.136231
8 17 25.863712
8 15 46.843211
9 18 31.716054
9 11 14.829647
10 16 15.935700
11 18 26.272338
13 16 11.014223
14 18 8.872866
14 16 48.371914
14 15 21.123215
15 18 21.195302
17 18 42.840331
