19 44 1 24622 772 0
38.474209
31.795854
40.899971
26.193736
24.946811
18.705085
3.942398
0.540679
39.033055
31.398291
17.384051
37.421468
27.594518
37.550995
9.917439
24.900251
32.728440
46.202848
3.896084
0 14 36.272514
0 12 47.255229
0 6 36.338195
0 3 6.365662
0 2 24.755937
1 18 46.746853
1 17 25.985520
1 7 40.189551
1 6 3.489518
1 5 6.121654
2 18 47.927690
2 16 21.414248
2 13 15.114464
2 10 45.266598
3 18 41.693683
3 14 43.910798
3 13 30.749369
3 9 18.172013
3 6 3.979764
4 18 3.175325
4 10 12.048986
4 7 28.025281
5 18 28.464886
5 12 40.213762
5 10 27.109468
6 17 35.984600
6 15 33.855362
6 13 10.386317
6 10 16.364091
7 18 38.984539
7 9 47.122360
7 8 36.023971
8 17 24.061364
8 15 44.959292
9 18 28.733658
9 11 6.776829
10 16 48.056796
11 18 28.817150
13 16 3.016942
14 18 8.476085
14 16 15.366328
14 15 5.163569
15 18 1.859532
17 18 48.191515
