15 34 1 30033 289 0
42.800657
4.618474
10.136169
38.764921
38.541091
6.427971
39.691808
48.733296
41.746678
16.907033
47.897930
6.632104
25.623170
19.529922
7.271860
0 10 41.894140
0 9 32.269280
0 8 37.959880
0 4 47.762593
1 10 40.408950
1 9 27.067599
1 8 22.819916
1 5 47.041484
1 4 10.788176
1 3 0.122778
2 14 40.201049
2 12 39.244906
2 9 48.297427
2 7 36.832275
3 9 31.775109
3 6 12.201390
3 5 27.988050
4 13 44.497185
4 11 39.588061
4 10 26.196831
4 6 13.437782
5 8 49.015472
5 7 21.251949
6 9 26.244307
7 14 47.716914
7 12 31.593223
7 10 32.917833
8 12 26.852308
8 9 26.990067
9 13 36.144791
9 11 20.046779
10 11 32.434426
12 14 42.816851
13 14 13.982759
