15 34 1 33066 1128 0
29.000887
1.574122
36.945036
21.234942
18.973517
45.001688
21.346259
24.382569
5.804957
3.266974
49.759614
48.074516
11.230758
2.568165
9.497877
0 10 22.977012
0 9 44.693071
0 8 13.111716
0 4 31.000464
1 10 9.788112
1 9 33.137733
1 8 19.093600
1 5 33.514265
1 4 2.806096
1 3 7.111390
2 14 4.061904
2 12 45.387297
2 9 7.918035
2 7 28.204087
3 9 9.885029
3 6 15.490429
3 5 34.584581
4 13 28.485933
4 11 23.754677
4 10 26.032335
4 6 1.844496
5 8 11.820742
5 7 32.975277
6 9 41.104451
7 14 30.423395
7 12 9.822410
7 10 0.328920
8 12 12.929772
8 9 3.863977
9 13 14.239507
9 11 21.906112
10 11 46.611047
12 14 39.913435
13 14 4.186991
