15 34 1 36444 382 0
30.363156
20.933399
29.099714
39.065471
24.982297
21.357690
39.167484
34.552137
34.579317
6.560557
22.900448
22.632586
47.969188
29.167199
5.983999
0 10 32.800286
0 9 42.685162
0 8 29.052931
0 4 6.388342
1 10 27.849184
1 9 40.871324
1 8 16.552637
1 5 20.318294
1 4 25.064957
1 3 45.479804
2 14 16.233991
2 12 3.297912
2 9 1.416811
2 7 23.686576
3 9 7.827658
3 6 30.033396
3 5 26.498880
4 13 9.652144
4 11 44.581704
4 10 32.940812
4 6 17.471031
5 8 19.495245
5 7 18.513937
6 9 0.403758
7 14 31.065233
7 12 7.709322
7 10 12.721056
8 12 48.085351
8 9 20.865703
9 13 38.187264
9 11 24.625702
10 11 19.321304
12 14 40.939218
13 14 6.676393
