19 44 1 37760 1122 0
16.780352
27.146096
2.695729
18.932384
40.342088
29.905592
11.853287
22.202892
1.794266
18.873923
49.616960
48.102025
18.691215
16.395765
14.525988
5.979297
38.746141
5.191967
29.142247
0 14 38.185097
0 12 21.160394
0 6 23.631598
0 3 31.241915
0 2 13.385390
1 18 27.555012
1 17 20.817754
1 7 4.431003
1 6 45.043196
1 5 1.603424
2 18 36.130861
2 16 16.863048
2 13 39.168563
2 10 48.758873
3 18 22.004954
3 14 24.290107
3 13 17.082208
3 9 12.864040
3 6 8.582107
4 18 12.977107
4 10 48.143356
4 7 23.702771
5 18 45.233226
5 12 8.711248
5 10 12.470369
6 17 7.522510
6 15 30.792019
6 13 32.834115
6 10 7.644371
7 18 15.108441
7 9 35.543829
7 8 39.839377
8 17 34.849049
8 15 43.339843
9 18 46.809371
9 11 15.398652
10 16 46.849068
11 18 13.913838
13 16 17.235198
14 18 32.358717
14 16 32.939757
14 15 28.306797
15 18 14.266785
17 18 33.692358
