16 27 1 3866 136 0
42.519906
16.073379
36.601115
24.874871
14.817412
3.491699
23.327069
48.977736
45.291961
31.936566
27.045392
26.562570
24.053945
16.416916
6.631626
24.378670
0 6 26.020524
0 4 8.035118
0 2 45.703278
1 13 14.948715
1 11 42.689253
3 12 40.536605
3 10 15.711045
3 6 40.606683
3 5 44.647243
4 15 33.105822
4 12 30.699496
4 7 8.442391
4 6 38.369458
5 11 2.554027
5 10 1.904699
5 9 36.802073
6 14 14.682460
6 12 3.745631
6 11 4.709566
7 14 49.687404
8 15 38.462118
8 14 22.612024
8 12 18.797872
10 15 12.404115
10 13 40.426504
10 12 22.909770
11 12 1.942829
