19 44 1 28312 1391 0
44.067298
47.057416
25.599516
35.896250
3.138752
24.942061
46.971788
18.690295
21.043780
39.935115
34.276880
39.134998
48.113163
23.946673
45.111314
45.716848
48.156715
22.442504
21.812105
0 14 20.550147
0 12 9.689071
0 6 9.344100
0 3 16.094297
0 2 27.891870
1 18 0.571808
1 17 46.956400
1 7 37.455849
1 6 0.767977
1 5 29.824438
2 18 33.441690
2 16 3.735151
2 13 17.872717
2 10 17.688002
3 18 25.838539
3 14 35.401669
3 13 24.710385
3 9 32.127220
3 6 31.662724
4 18 31.535728
4 10 1.110620
4 7 21.410927
5 18 29.736761
5 12 30.919670
5 10 21.264686
6 17 49.963009
6 15 30.503662
6 13 27.283064
6 10 31.379984
7 18 11.965943
7 9 35.101572
7 8 3.607208
8 17 42.458351
8 15 43.866442
9 18 33.955945
9 11 33.675669
10 16 7.509707
11 18 33.133585
13 16 13.953371
14 18 17.751205
14 16 24.797363
14 15 39.924432
15 18 21.412373
17 18 3.677404
