16 27 1 21937 99 0
27.825612
30.879032
24.294486
48.954963
14.581858
41.446179
25.105729
42.778422
28.970660
21.495808
1.014310
10.152842
48.605332
18.343456
14.872047
31.877491
0 6 14.493464
0 4 19.615646
0 2 2.232617
1 13 11.269675
1 11 47.178251
3 12 43.968164
3 10 40.489981
3 6 33.921662
3 5 15.808815
4 15 17.270556
4 12 49.662326
4 7 23.169095
4 6 13.872093
5 11 38.785828
5 10 42.526862
5 9 44.354916
6 14 16.075608
6 12 7.648513
6 11 13.795367
7 14 20.976013
8 15 41.579682
8 14 7.567808
8 12 49.873960
10 15 0.385257
10 13 49.705617
10 12 46.073449
11 12 10.032098
