16 27 1 29060 161 0
29.480948
39.612594
25.000823
30.573531
1.304224
32.973183
27.255091
22.684851
25.398390
14.904995
10.586268
8.254581
30.907065
4.398544
29.372362
18.746660
0 6 40.766417
0 4 15.225293
0 2 44.065675
1 13 1.012715
1 11 47.892230
3 12 22.229283
3 10 11.463690
3 6 17.221625
3 5 48.075441
4 15 21.518168
4 12 25.195631
4 7 22.064515
4 6 13.678254
5 11 8.848602
5 10 37.049327
5 9 13.331978
6 14 35.350333
6 12 8.260905
6 11 15.375487
7 14 18.706290
8 15 31.328164
8 14 34.787994
8 12 49.398420
10 15 33.736491
10 13 44.232067
10 12 46.853526
11 12 4.027918
