17 35 1 3040 190 0
24.312025
44.648272
28.775362
37.601832
42.751849
45.378106
47.595954
5.796443
32.464625
21.603475
9.835790
39.726130
31.831976
33.825116
16.467842
27.790903
47.085586
0 13 13.842177
0 11 0.903313
0 6 26.271082
0 3 7.037255
0 2 13.578375
1 3 17.629854
1 2 16.377679
2 16 17.526732
2 12 44.035567
2 4 3.777800
3 15 2.724518
3 13 21.878298
3 11 19.410033
3 7 6.159970
3 4 28.072270
4 16 0.320736
4 12 2.089473
4 11 9.752153
5 13 23.709976
6 14 10.478626
6 11 49.037477
7 13 30.503058
7 10 43.368684
7 8 26.441107
8 13 3.158354
8 12 26.817923
8 10 39.793150
9 16 30.210865
9 13 10.300648
9 10 12.438333
10 13 20.321708
11 13 30.287364
12 16 13.983117
12 14 0.771737
15 16 6.828924
