18 32 1 311 64 0
37.231499
17.866993
3.244251
10.513809
33.846405
25.187842
12.396995
27.671144
46.361302
12.616364
6.241139
31.663190
11.847489
28.915245
45.771878
33.859771
12.291571
11.478111
0 7 7.701363
0 2 1.951269
1 17 46.667433
1 7 18.570835
2 16 35.750355
2 14 26.028887
2 10 10.059075
2 9 47.522971
3 16 23.774196
3 8 38.491168
4 9 9.040520
4 7 48.787555
5 17 16.515660
5 10 44.196904
5 9 44.494815
5 6 23.765648
6 13 6.503528
7 16 22.818830
7 15 39.608634
7 13 47.886938
7 12 27.789664
8 17 5.014967
9 16 37.176212
11 17 1.152066
11 16 33.907313
11 12 47.121598
12 13 24.495703
13 17 8.229492
13 16 6.544196
13 15 3.298900
15 17 8.914871
15 16 3.235189
