18 32 1 38766 207 0
37.256349
24.328865
24.574564
34.605692
30.910100
47.541870
9.592175
27.989392
31.888027
20.879198
45.679927
16.654012
44.265785
48.063846
11.091822
0.527292
15.057223
17.160702
0 7 48.353553
0 2 39.015645
1 17 6.812178
1 7 33.300120
2 16 14.199491
2 14 47.981235
2 10 40.345914
2 9 21.554398
3 16 19.843276
3 8 12.462348
4 9 30.453890
4 7 0.314650
5 17 11.004387
5 10 24.197662
5 9 45.107728
5 6 39.256910
6 13 14.785366
7 16 18.397980
7 15 13.799476
7 13 32.754404
7 12 30.914553
8 17 25.224500
9 16 15.973223
11 17 36.180945
11 16 49.243395
11 12 15.251951
12 13 42.993667
13 17 5.831102
13 16 10.147036
13 15 26.094262
15 17 19.283649
15 16 48.716044
