19 44 1 31680 58 0
45.797643
31.966677
23.915872
37.574748
15.316930
23.494158
20.172022
34.450607
42.180103
26.265001
9.691402
15.972144
28.877598
22.849134
2.961883
22.641657
26.490123
17.459769
22.145073
0 14 18.747935
0 12 10.738143
0 6 31.556761
0 3 4.150213
0 2 8.411539
1 18 45.534148
1 17 47.085841
1 7 30.503672
1 6 42.817755
1 5 4.832611
2 18 46.177934
2 16 36.959763
2 13 9.975210
2 10 15.111961
3 18 36.299021
3 14 4.761940
3 13 10.830873
3 9 33.989529
3 6 15.257869
4 18 43.436318
4 10 39.427941
4 7 30.257209
5 18 16.471290
5 12 21.174371
5 10 14.758712
6 17 36.557406
6 15 7.104595
6 13 23.086723
6 10 33.326067
7 18 49.696672
7 9 20.770413
7 8 24.672044
8 17 19.958696
8 15 23.988921
9 18 46.801315
9 11 8.885973
10 16 6.395705
11 18 22.743038
13 16 49.904063
14 18 32.156040
14 16 19.924391
14 15 25.599421
15 18 42.230616
17 18 44.108791
