18 32 1 24633 321 0
20.071392
12.305368
46.196890
44.132756
16.501352
41.156183
22.173884
45.235010
39.290800
28.950713
36.017654
37.347596
13.752823
14.834804
13.869277
16.769765
33.865716
22.345362
0 7 46.896175
0 2 16.806047
1 17 48.453734
1 7 17.609630
2 16 36.889203
2 14 33.821304
2 10 7.137592
2 9 25.475967
3 16 48.025451
3 8 44.490665
4 9 37.212329
4 7 49.150048
5 17 21.129062
5 10 38.064788
5 9 29.672635
5 6 7.343701
6 13 21.162548
7 16 28.628555
7 15 42.815328
7 13 16.261531
7 12 35.050616
8 17 42.875130
9 16 3.975530
11 17 45.522690
11 16 10.328416
11 12 22.200316
12 13 23.794822
13 17 20.770729
13 16 34.253234
13 15 29.922223
15 17 30.766020
15 16 40.494680
