16 27 1 39875 421 0
47.506811
31.523211
37.376459
22.490196
37.804331
18.710506
9.329227
14.458463
14.032372
42.821085
21.877868
21.210272
37.600665
44.308482
24.302967
44.643701
0 6 2.293365
0 4 46.972814
0 2 4.078375
1 13 47.546973
1 11 1.519721
3 12 3.403504
3 10 30.258759
3 6 20.358178
3 5 6.467011
4 15 0.255766
4 12 26.445143
4 7 8.729806
4 6 2.406078
5 11 11.687787
5 10 24.916156
5 9 34.650445
6 14 38.712689
6 12 3.304038
6 11 44.681572
7 14 9.284612
8 15 3.549408
8 14 9.645555
8 12 37.631917
10 15 11.573737
10 13 37.738370
10 12 38.370271
11 12 21.414496
