16 27 1 22880 187 0
38.405056
17.293793
39.501667
31.281718
45.795817
9.333062
37.204619
36.116205
30.513475
2.467550
47.173579
21.742425
8.696247
33.770853
38.434153
39.263043
0 6 2.381832
0 4 6.541431
0 2 27.136852
1 13 13.830613
1 11 30.155416
3 12 10.249627
3 10 27.960706
3 6 38.108051
3 5 11.903752
4 15 47.647480
4 12 36.942780
4 7 43.815774
4 6 37.319649
5 11 39.198681
5 10 24.760206
5 9 35.278939
6 14 21.491882
6 12 34.067149
6 11 29.158115
7 14 29.514223
8 15 8.776375
8 14 14.420939
8 12 34.373809
10 15 3.102843
10 13 30.138708
10 12 3.977130
11 12 35.602423
