16 27 1 31933 430 0
36.389627
36.855742
35.183234
5.097116
35.238979
5.356334
19.845411
2.738271
19.834234
6.081542
10.418578
29.925545
29.344794
31.155122
33.837840
30.020212
0 6 23.783469
0 4 40.499949
0 2 15.080609
1 13 29.917899
1 11 2.138721
3 12 18.789219
3 10 46.333791
3 6 6.423628
3 5 26.784524
4 15 37.820535
4 12 46.963196
4 7 14.761773
4 6 13.747489
5 11 46.722975
5 10 6.335473
5 9 23.112494
6 14 36.360899
6 12 49.026008
6 11 24.764785
7 14 1.105734
8 15 43.832967
8 14 13.106768
8 12 9.823735
10 15 22.890177
10 13 11.137257
10 12 48.631762
11 12 18.376658
