15 34 1 31175 91 0
46.635731
47.917421
43.247816
42.555300
22.661730
27.426008
40.302275
10.873328
28.613281
17.644325
40.445634
39.443722
49.160840
43.951822
0.735365
0 10 40.434815
0 9 31.951497
0 8 12.722434
0 4 3.102041
1 10 29.859281
1 9 32.040086
1 8 11.119938
1 5 37.787369
1 4 49.155513
1 3 30.616027
2 14 8.366521
2 12 32.013088
2 9 36.655316
2 7 9.685483
3 9 48.818253
3 6 26.834403
3 5 21.319451
4 13 32.230362
4 11 30.279317
4 10 30.249706
4 6 8.481662
5 8 6.265138
5 7 14.809575
6 9 6.969812
7 14 29.757298
7 12 5.675902
7 10 45.627875
8 12 7.363667
8 9 37.346404
9 13 8.382229
9 11 20.686455
10 11 25.417726
12 14 44.002533
13 14 26.047790
