15 34 1 2450 237 0
45.541625
47.369784
27.924664
15.228938
13.351281
24.488028
44.789767
42.746650
10.727891
25.917895
27.621638
1.815570
42.359616
23.951609
10.470930
0 10 9.844363
0 9 37.837674
0 8 34.704067
0 4 36.345015
1 10 2.086977
1 9 13.943764
1 8 19.990461
1 5 15.983435
1 4 17.397389
1 3 40.962724
2 14 26.704500
2 12 27.416095
2 9 26.178644
2 7 47.072788
3 9 45.693605
3 6 38.465143
3 5 47.628371
4 13 21.327563
4 11 36.706960
4 10 19.739471
4 6 31.925160
5 8 23.652191
5 7 5.539000
6 9 14.953682
7 14 2.988845
7 12 5.562717
7 10 21.367158
8 12 49.144496
8 9 36.312802
9 13 25.540015
9 11 17.241681
10 11 37.544376
12 14 40.307976
13 14 47.202490
