16 27 1 20075 490 0
27.339182
29.659514
46.330168
14.785742
21.825368
23.625649
1.435603
18.799429
10.150236
20.810262
21.504579
37.311955
40.749296
21.667814
40.572424
6.032556
0 6 37.473701
0 4 35.312239
0 2 16.536025
1 13 21.338789
1 11 20.458205
3 12 30.572147
3 10 28.263388
3 6 25.901574
3 5 28.960021
4 15 20.388312
4 12 45.857392
4 7 19.584817
4 6 42.634177
5 11 43.319583
5 10 12.757210
5 9 39.416029
6 14 1.571550
6 12 25.106330
6 11 48.210702
7 14 34.939681
8 15 9.804239
8 14 45.675258
8 12 14.812335
10 15 43.670196
10 13 43.808575
10 12 44.557744
11 12 35.882423
