18 32 1 22525 208 0
42.466237
2.779172
19.932691
22.137192
48.767215
20.400858
11.645277
43.166509
36.394319
47.600779
30.295271
23.935467
30.381661
7.122560
3.630091
20.976172
49.604941
16.774360
0 7 39.019517
0 2 27.247208
1 17 9.942556
1 7 35.723134
2 16 43.347507
2 14 40.636954
2 10 47.142117
2 9 29.054495
3 16 5.240383
3 8 37.475665
4 9 20.988220
4 7 14.486439
5 17 47.805451
5 10 8.406051
5 9 15.844271
5 6 18.209902
6 13 49.104959
7 16 12.460228
7 15 27.305030
7 13 24.708789
7 12 6.580317
8 17 46.927860
9 16 48.448934
11 17 20.797241
11 16 3.804065
11 12 20.574977
12 13 32.142890
13 17 26.075776
13 16 29.929516
13 15 31.383882
15 17 42.492819
15 16 0.637575
