16 27 1 31777 700 0
19.731329
41.375455
24.034831
16.355263
40.562668
36.564435
1.031405
1.020486
23.029455
43.091345
1.634864
3.272975
7.416560
14.130069
40.289228
47.731219
0 6 18.102100
0 4 28.101391
0 2 7.407324
1 13 11.759198
1 11 9.921853
3 12 0.455407
3 10 38.719562
3 6 49.746211
3 5 4.142052
4 15 24.806154
4 12 10.345477
4 7 45.725206
4 6 18.928903
5 11 36.647908
5 10 11.490139
5 9 24.076682
6 14 15.327294
6 12 37.733763
6 11 44.743122
7 14 41.263156
8 15 9.838432
8 14 42.456495
8 12 4.485159
10 15 7.008884
10 13 15.983747
10 12 3.331931
11 12 7.652597
