15 34 1 35175 110 0
20.084882
26.572296
21.483053
30.217805
27.465231
5.055819
44.542670
14.355412
11.814299
37.118181
47.891724
46.363638
26.843799
18.928146
1.827773
0 10 30.192952
0 9 7.753627
0 8 9.437117
0 4 30.519294
1 10 37.344142
1 9 41.334977
1 8 7.062379
1 5 12.370382
1 4 26.972087
1 3 10.932620
2 14 16.407908
2 12 1.732561
2 9 27.802738
2 7 28.655044
3 9 15.694541
3 6 25.994149
3 5 15.997002
4 13 12.670948
4 11 36.237053
4 10 5.855648
4 6 40.227356
5 8 45.881541
5 7 4.077829
6 9 36.739302
7 14 47.194600
7 12 38.239807
7 10 13.660361
8 12 44.365829
8 9 28.823109
9 13 15.629475
9 11 20.604063
10 11 40.405142
12 14 25.371400
13 14 12.035184
