15 34 1 39940 582 0
21.863664
12.424772
2.866266
38.895296
11.535313
29.795799
32.883658
43.036319
23.045123
37.672074
31.710385
16.602711
46.388479
48.541398
48.006448
0 10 14.848924
0 9 38.602382
0 8 19.195767
0 4 48.892739
1 10 40.879494
1 9 25.198092
1 8 46.660921
1 5 29.077421
1 4 37.798261
1 3 8.646243
2 14 3.037506
2 12 9.577215
2 9 11.487165
2 7 27.784210
3 9 43.637767
3 6 26.096324
3 5 0.484407
4 13 44.988070
4 11 36.009007
4 10 1.704018
4 6 21.820982
5 8 40.362248
5 7 42.836706
6 9 24.261880
7 14 10.941862
7 12 7.328523
7 10 21.350166
8 12 10.053193
8 9 14.155026
9 13 10.927207
9 11 14.163010
10 11 16.279485
12 14 1.722237
13 14 34.327590
