19 44 1 37262 624 0
23.143028
45.326785
21.725394
4.249967
36.992265
42.284918
15.697354
18.575966
0.886054
26.355753
6.017478
26.886460
19.013711
30.756891
47.418072
29.840117
31.512258
20.943396
3.260810
0 14 25.148606
0 12 5.061543
0 6 46.669890
0 3 47.276084
0 2 39.034677
1 18 22.473502
1 17 44.561917
1 7 23.584713
1 6 4.792552
1 5 14.509238
2 18 16.755684
2 16 29.385997
2 13 9.878703
2 10 41.060216
3 18 41.655146
3 14 42.979629
3 13 5.275547
3 9 48.808103
3 6 29.563970
4 18 10.088800
4 10 17.503076
4 7 20.457966
5 18 0.362590
5 12 10.876877
5 10 9.912309
6 17 28.523661
6 15 16.251107
6 13 20.310138
6 10 18.052546
7 18 15.848629
7 9 23.373967
7 8 26.511445
8 17 6.869430
8 15 30.594951
9 18 21.403734
9 11 5.032047
10 16 23.246054
11 18 0.971803
13 16 19.532693
14 18 28.763786
14 16 37.234796
14 15 6.112995
15 18 15.197104
17 18 29.615712
