18 32 1 26966 493 0
6.882170
41.201826
24.885238
46.031370
13.975486
39.632455
32.761560
8.650022
27.270327
47.454187
26.955202
30.242742
31.967184
45.393325
0.213804
22.496064
8.052637
7.197030
0 7 45.352454
0 2 33.681322
1 17 5.527143
1 7 12.559684
2 16 49.580916
2 14 1.816345
2 10 31.961353
2 9 9.425031
3 16 4.729885
3 8 46.479045
4 9 32.050539
4 7 34.945633
5 17 3.992114
5 10 4.399066
5 9 39.408880
5 6 11.402948
6 13 19.534898
7 16 0.571312
7 15 3.649547
7 13 19.223034
7 12 32.766692
8 17 21.453668
9 16 29.737894
11 17 21.574636
11 16 4.279216
11 12 21.959224
12 13 41.803054
13 17 45.335496
13 16 23.817673
13 15 0.001086
15 17 12.186263
15 16 47.987888
