15 34 1 22166 263 0
47.109816
25.202066
42.788993
47.013921
5.353538
23.588075
4.663645
17.733233
23.919999
8.138014
34.032077
19.446065
38.156870
16.080386
10.885468
0 10 41.067151
0 9 35.147500
0 8 17.287622
0 4 43.923724
1 10 21.883065
1 9 44.331928
1 8 48.639681
1 5 23.346234
1 4 33.013294
1 3 33.249195
2 14 3.901838
2 12 34.690860
2 9 30.757268
2 7 5.667148
3 9 30.985744
3 6 11.088801
3 5 18.544029
4 13 32.296490
4 11 31.306771
4 10 44.537945
4 6 12.854568
5 8 47.019945
5 7 24.773351
6 9 1.954450
7 14 18.914479
7 12 37.813861
7 10 42.040915
8 12 44.451388
8 9 15.333596
9 13 23.001516
9 11 21.866071
10 11 18.372236
12 14 30.326618
13 14 26.241750
