19 44 1 24416 1153 0
22.416805
14.911160
24.820734
21.181257
12.448948
41.528808
18.212028
25.384716
1.027105
12.136847
3.074179
16.773715
28.764738
22.041807
8.420341
5.167883
43.333552
10.527200
42.944577
0 14 20.763282
0 12 29.334020
0 6 13.082704
0 3 31.308848
0 2 9.440364
1 18 6.299975
1 17 10.571668
1 7 9.128371
1 6 33.660083
1 5 49.964953
2 18 1.684284
2 16 12.118978
2 13 40.866538
2 10 26.878340
3 18 27.494337
3 14 38.978997
3 13 20.839741
3 9 30.880498
3 6 2.383043
4 18 35.242090
4 10 0.344209
4 7 46.131045
5 18 12.753201
5 12 42.668802
5 10 5.916595
6 17 5.458083
6 15 4.735556
6 13 26.058878
6 10 1.737847
7 18 41.636514
7 9 40.342758
7 8 27.489803
8 17 48.928528
8 15 45.104945
9 18 20.559647
9 11 13.134979
10 16 21.889100
11 18 31.819733
13 16 14.525440
14 18 31.055585
14 16 17.122291
14 15 28.042913
15 18 4.090730
17 18 17.459940
