17 35 1 38487 315 0
7.231169
28.507317
0.045322
15.757201
21.176572
28.815515
34.450047
11.915192
39.716817
25.079182
41.330591
44.683029
37.997361
49.143753
10.884675
7.812879
27.342171
0 13 32.283834
0 11 3.792862
0 6 21.215356
0 3 17.041179
0 2 33.520447
1 3 1.351096
1 2 9.446305
2 16 26.023738
2 12 41.263064
2 4 9.130194
3 15 26.230986
3 13 9.795396
3 11 12.375977
3 7 39.307528
3 4 15.363099
4 16 38.861901
4 12 44.759686
4 11 24.464318
5 13 41.404990
6 14 33.757298
6 11 24.354382
7 13 43.718006
7 10 26.326135
7 8 21.754309
8 13 11.522683
8 12 37.667778
8 10 1.929888
9 16 39.063836
9 13 1.941598
9 10 25.825595
10 13 25.491771
11 13 14.951630
12 16 7.342258
12 14 36.226500
15 16 30.921444
