15 34 1 28566 155 0
25.278167
46.437939
27.066199
2.419213
3.848403
0.821894
20.655761
13.450350
34.389977
42.004766
5.254650
35.902337
49.032521
0.878750
29.233097
0 10 35.570026
0 9 38.533709
0 8 21.157216
0 4 46.574593
1 10 1.669233
1 9 41.315781
1 8 32.109639
1 5 5.372659
1 4 12.591740
1 3 22.625162
2 14 5.659002
2 12 35.666714
2 9 7.837033
2 7 24.364001
3 9 26.704001
3 6 22.972467
3 5 26.897447
4 13 40.628161
4 11 32.031242
4 10 18.394475
4 6 49.375261
5 8 2.462017
5 7 47.023828
6 9 27.043863
7 14 9.645275
7 12 24.626521
7 10 23.116082
8 12 34.413628
8 9 37.964715
9 13 24.692485
9 11 34.020382
10 11 26.942742
12 14 9.171128
13 14 8.972492
