19 44 1 38333 488 0
15.025277
35.853315
7.009034
42.099246
47.514874
40.956614
15.782650
47.107927
34.843218
9.500305
26.374593
39.625246
46.500335
23.917537
30.216347
2.515840
28.497084
43.529964
23.592247
0 14 15.692546
0 12 6.658989
0 6 14.615555
0 3 15.860081
0 2 18.026509
1 18 34.831841
1 17 44.732887
1 7 17.901635
1 6 18.200030
1 5 2.614783
2 18 43.701467
2 16 41.682549
2 13 8.615423
2 10 13.543060
3 18 44.097170
3 14 34.723509
3 13 31.708159
3 9 40.822234
3 6 3.005669
4 18 12.337248
4 10 36.389924
4 7 31.924780
5 18 17.854245
5 12 17.954944
5 10 8.684664
6 17 1.362230
6 15 32.684814
6 13 35.712844
6 10 8.644866
7 18 2.431499
7 9 6.328929
7 8 12.531751
8 17 28.537507
8 15 34.360802
9 18 10.036299
9 11 2.575354
10 16 43.867138
11 18 27.549034
13 16 34.326549
14 18 47.775656
14 16 16.073704
14 15 45.397345
15 18 42.182667
17 18 40.058755
