15 34 1 3362 292 0
33.490026
28.946133
4.625777
42.790665
36.580992
37.821894
30.403684
35.001995
7.567087
26.063668
21.899749
35.040810
25.724333
44.505698
12.523699
0 10 4.829315
0 9 17.132994
0 8 38.112751
0 4 16.478757
1 10 33.676145
1 9 36.469979
1 8 49.290003
1 5 15.986843
1 4 5.795628
1 3 14.472820
2 14 31.513968
2 12 28.989977
2 9 9.861801
2 7 38.415712
3 9 30.777978
3 6 7.426310
3 5 1.507136
4 13 14.475915
4 11 29.423964
4 10 24.687570
4 6 22.186822
5 8 1.237245
5 7 33.463151
6 9 31.323867
7 14 12.157063
7 12 37.845072
7 10 48.091401
8 12 10.186994
8 9 21.888694
9 13 2.855812
9 11 31.524116
10 11 38.273966
12 14 34.841426
13 14 22.651140
