15 34 1 30880 680 0
27.769080
35.885483
43.127334
17.079459
15.981229
40.678027
29.873505
5.448425
36.990601
49.911072
33.633893
37.872303
10.781800
13.736663
38.931430
0 10 3.289940
0 9 30.188691
0 8 13.900446
0 4 33.626852
1 10 3.856791
1 9 1.584189
1 8 34.084934
1 5 37.556901
1 4 29.371617
1 3 22.496409
2 14 39.423612
2 12 26.324581
2 9 0.165038
2 7 28.505931
3 9 37.017453
3 6 26.968770
3 5 0.528227
4 13 5.800896
4 11 41.287966
4 10 44.658726
4 6 8.417441
5 8 19.882956
5 7 47.845452
6 9 21.871450
7 14 30.882241
7 12 23.668144
7 10 7.542295
8 12 15.177890
8 9 26.228377
9 13 45.744673
9 11 35.926415
10 11 3.553223
12 14 29.870905
13 14 0.883316
