19 44 1 22966 501 0
27.185658
0.024728
48.900409
14.682683
19.657449
3.678127
24.318908
20.558905
6.658323
22.144741
21.920658
39.950466
21.053799
28.877502
17.380080
18.218567
11.393877
30.198765
26.747225
0 14 40.685433
0 12 1.350932
0 6 34.158924
0 3 21.715200
0 2 15.992745
1 18 31.172730
1 17 42.625291
1 7 29.040921
1 6 0.854906
1 5 31.626883
2 18 39.377372
2 16 43.334469
2 13 24.825423
2 10 46.707918
3 18 33.605849
3 14 19.791214
3 13 22.837142
3 9 23.273321
3 6 26.755858
4 18 19.835904
4 10 10.428154
4 7 22.889116
5 18 32.206092
5 12 10.361419
5 10 34.649086
6 17 4.474809
6 15 45.759925
6 13 3.354296
6 10 20.021250
7 18 13.629337
7 9 26.968898
7 8 27.918379
8 17 4.562698
8 15 6.802106
9 18 46.180221
9 11 24.067160
10 16 27.646644
11 18 9.661820
13 16 48.886312
14 18 42.913734
14 16 12.011542
14 15 7.561856
15 18 45.197822
17 18 28.356815
