15 34 1 24811 42 0
25.011926
42.480566
15.186549
43.924049
1.693017
13.436154
22.341609
23.358858
9.078366
30.550961
48.397962
4.908882
25.879934
1.264114
21.637508
0 10 20.735588
0 9 37.828240
0 8 15.735122
0 4 49.822476
1 10 43.190711
1 9 0.225915
1 8 27.502557
1 5 17.030922
1 4 14.009502
1 3 32.673240
2 14 11.204505
2 12 30.275159
2 9 5.187760
2 7 32.961325
3 9 36.706054
3 6 31.734150
3 5 8.608498
4 13 8.408096
4 11 40.447121
4 10 8.681875
4 6 31.660276
5 8 4.764593
5 7 47.905366
6 9 26.649524
7 14 31.307004
7 12 19.848418
7 10 5.432158
8 12 27.074871
8 9 10.949698
9 13 20.716561
9 11 44.261634
10 11 5.097394
12 14 22.013100
13 14 27.213752
