15 34 1 33225 741 0
34.859013
45.494460
21.717642
47.999756
49.634819
7.566129
12.342604
19.246820
16.020192
33.040491
36.169816
22.262084
24.975069
41.162974
6.204996
0 10 43.348203
0 9 4.032064
0 8 17.555617
0 4 33.092426
1 10 20.099503
1 9 7.136801
1 8 23.622660
1 5 10.137715
1 4 1.264494
1 3 22.315905
2 14 5.266994
2 12 11.606854
2 9 45.902227
2 7 10.683630
3 9 19.622413
3 6 24.369307
3 5 32.612821
4 13 25.291917
4 11 35.764522
4 10 23.354531
4 6 17.682439
5 8 4.644359
5 7 46.896813
6 9 41.903362
7 14 20.414249
7 12 47.425556
7 10 44.101301
8 12 0.195057
8 9 3.679755
9 13 8.167839
9 11 12.725291
10 11 36.272784
12 14 10.938516
13 14 45.506549
