17 35 1 27262 1213 0
11.310450
31.661255
12.398461
32.888390
5.120050
11.727265
23.009177
45.550043
19.463349
27.012380
29.444789
41.033978
35.534311
41.731214
20.254716
33.918755
2.520998
0 13 48.762266
0 11 24.500699
0 6 28.124067
0 3 25.091355
0 2 35.189125
1 3 19.134285
1 2 5.666239
2 16 11.474564
2 12 44.386729
2 4 42.447544
3 15 17.372130
3 13 25.577343
3 11 17.442375
3 7 29.918821
3 4 36.866037
4 16 11.694587
4 12 49.886820
4 11 34.043848
5 13 17.470341
6 14 27.733541
6 11 10.389537
7 13 2.823580
7 10 28.856093
7 8 3.383271
8 13 8.661097
8 12 29.356817
8 10 33.828401
9 16 20.417738
9 13 21.545481
9 10 10.444365
10 13 14.174135
11 13 44.039821
12 16 8.334239
12 14 42.071841
15 16 37.218872
