15 34 1 22983 487 0
25.406704
46.764549
37.753304
29.969402
47.956249
44.555410
11.287958
44.136470
21.193420
35.355118
0.744846
48.840065
32.311393
10.406666
8.692800
0 10 31.197705
0 9 1.606534
0 8 42.441448
0 4 22.294959
1 10 44.192899
1 9 28.569729
1 8 44.189477
1 5 28.258140
1 4 45.962585
1 3 19.890045
2 14 22.978938
2 12 37.219945
2 9 35.638876
2 7 17.860254
3 9 4.886455
3 6 43.171741
3 5 8.696826
4 13 0.817263
4 11 43.773353
4 10 1.351188
4 6 6.323333
5 8 47.378223
5 7 0.476799
6 9 32.649551
7 14 0.659053
7 12 22.371371
7 10 16.985051
8 12 40.753400
8 9 32.166378
9 13 37.102867
9 11 36.880575
10 11 23.136994
12 14 25.052883
13 14 46.715674
