16 27 1 23366 513 0
22.556900
23.635275
42.029095
36.658821
18.630333
19.221782
36.324809
20.832517
3.416559
34.095497
18.676848
37.594188
8.997224
16.124890
0.896540
25.704388
0 6 18.705857
0 4 18.954148
0 2 22.834562
1 13 44.751365
1 11 3.726986
3 12 34.826697
3 10 11.022624
3 6 33.241169
3 5 26.355209
4 15 20.238345
4 12 44.492046
4 7 15.818059
4 6 40.658651
5 11 35.502793
5 10 0.619797
5 9 25.360263
6 14 17.437943
6 12 6.439816
6 11 11.299126
7 14 38.139921
8 15 38.916787
8 14 0.354990
8 12 25.686552
10 15 33.518935
10 13 8.866424
10 12 47.027303
11 12 10.320434
