19 44 1 32590 282 0
26.701534
38.751032
11.718557
0.355742
7.776768
23.789883
18.953779
33.558453
41.270931
13.593843
28.996406
7.762021
19.762994
26.545973
28.702041
12.550498
16.414568
35.099322
40.941400
0 14 7.392463
0 12 24.966565
0 6 8.971911
0 3 25.436445
0 2 41.041793
1 18 25.594376
1 17 11.031166
1 7 40.626161
1 6 22.122175
1 5 30.340688
2 18 5.686975
2 16 34.677035
2 13 13.697525
2 10 42.151038
3 18 27.637576
3 14 17.189422
3 13 33.396312
3 9 25.145327
3 6 11.441291
4 18 39.518814
4 10 34.911404
4 7 31.390688
5 18 29.458597
5 12 7.329478
5 10 36.432894
6 17 7.261401
6 15 31.604696
6 13 5.568866
6 10 3.161444
7 18 21.550243
7 9 24.970263
7 8 15.829059
8 17 30.895653
8 15 0.734797
9 18 41.556159
9 11 44.820028
10 16 5.366801
11 18 22.410133
13 16 48.227566
14 18 36.406170
14 16 17.409776
14 15 26.780328
15 18 35.606007
17 18 44.316693
