19 44 1 28666 1074 0
35.889995
8.405035
37.065127
10.959123
36.764348
9.466537
25.175091
45.680769
16.485966
3.440744
39.303217
45.200637
23.120947
3.265512
29.711599
19.415239
0.245335
13.735471
37.168435
0 14 42.589396
0 12 36.529627
0 6 13.987736
0 3 36.174499
0 2 17.104507
1 18 31.282764
1 17 30.829829
1 7 26.084404
1 6 26.452146
1 5 16.964043
2 18 2.036907
2 16 11.436132
2 13 43.525735
2 10 26.949142
3 18 14.946979
3 14 0.109409
3 13 6.300006
3 9 23.296858
3 6 48.700572
4 18 45.741334
4 10 4.411192
4 7 4.824356
5 18 16.711896
5 12 27.029973
5 10 16.459701
6 17 15.296957
6 15 14.398804
6 13 15.734152
6 10 41.434732
7 18 20.865513
7 9 33.367907
7 8 13.918086
8 17 7.613959
8 15 9.955655
9 18 46.686300
9 11 22.119610
10 16 32.721086
11 18 36.338513
13 16 7.852726
14 18 42.597025
14 16 7.362503
14 15 42.809035
15 18 34.627070
17 18 29.685846
