15 34 1 20733 350 0
8.804381
39.136204
46.641787
12.342824
29.501125
47.412408
45.602619
21.816682
38.821332
38.610916
46.366633
6.037507
27.175453
25.256165
22.502790
0 10 32.549691
0 9 30.842406
0 8 39.424940
0 4 48.392011
1 10 48.893282
1 9 47.164481
1 8 35.429886
1 5 34.492441
1 4 15.627712
1 3 12.630049
2 14 3.129770
2 12 23.573155
2 9 48.863788
2 7 21.313085
3 9 39.359524
3 6 27.404085
3 5 42.336144
4 13 19.266076
4 11 36.495974
4 10 1.433263
4 6 42.670143
5 8 45.084087
5 7 5.421075
6 9 44.088290
7 14 3.205174
7 12 49.019323
7 10 16.760795
8 12 31.281397
8 9 34.776550
9 13 20.525878
9 11 49.163732
10 11 46.045290
12 14 6.176453
13 14 23.260959
