18 32 1 24388 316 0
35.032488
21.593923
25.782915
44.419518
16.298089
15.072660
27.791024
26.035609
48.627727
49.355712
13.458090
25.809025
26.524472
19.651702
37.072182
11.045953
34.560218
1.598295
0 7 3.813865
0 2 37.239199
1 17 35.941357
1 7 2.396506
2 16 2.287770
2 14 8.154952
2 10 7.410746
2 9 0.456525
3 16 37.606958
3 8 48.266320
4 9 42.790223
4 7 14.753694
5 17 22.703072
5 10 25.900015
5 9 2.324118
5 6 11.373549
6 13 20.800143
7 16 34.429867
7 15 18.346563
7 13 8.588438
7 12 8.160045
8 17 49.496935
9 16 9.930830
11 17 48.764451
11 16 16.708074
11 12 12.935769
12 13 43.924819
13 17 15.746610
13 16 18.967628
13 15 26.403145
15 17 2.106859
15 16 27.429729
