15 34 1 41328 1042 0
23.112985
17.175706
25.736042
9.393932
36.153864
17.915597
45.110929
21.319920
48.455499
9.118365
12.562782
46.472226
40.884364
39.062232
48.747873
0 10 39.128892
0 9 41.036894
0 8 48.936368
0 4 4.312213
1 10 18.659918
1 9 10.228919
1 8 28.571162
1 5 34.326644
1 4 36.751673
1 3 39.799465
2 14 37.656214
2 12 41.256534
2 9 6.170561
2 7 21.538916
3 9 41.259263
3 6 1.390661
3 5 13.824323
4 13 32.304625
4 11 31.433401
4 10 31.920989
4 6 6.759369
5 8 28.200055
5 7 5.788597
6 9 49.393954
7 14 14.029049
7 12 38.685876
7 10 46.908480
8 12 10.661395
8 9 30.317308
9 13 5.721829
9 11 42.801459
10 11 1.964727
12 14 49.540044
13 14 19.386472
