16 27 1 24311 781 0
38.989190
5.649134
44.984030
49.735020
43.502822
35.613848
45.074512
45.531248
17.283113
23.098652
25.921136
30.246435
5.999045
29.465589
20.664687
45.636564
0 6 31.533565
0 4 13.001932
0 2 0.116736
1 13 23.414636
1 11 45.330009
3 12 2.599505
3 10 15.226633
3 6 43.421494
3 5 18.731343
4 15 3.950843
4 12 24.019371
4 7 7.765413
4 6 22.124007
5 11 21.548920
5 10 13.152138
5 9 23.759617
6 14 4.133817
6 12 6.919531
6 11 42.255549
7 14 46.957450
8 15 42.694815
8 14 2.192549
8 12 12.639163
10 15 12.137271
10 13 34.019567
10 12 43.604671
11 12 15.113469
