17 35 1 26812 77 0
23.211205
38.830004
10.177394
25.931073
6.946760
14.388041
40.085235
34.084714
6.466937
45.989652
18.345816
42.345867
41.044893
24.590111
43.819278
45.381438
39.632053
0 13 21.761131
0 11 14.722797
0 6 31.402817
0 3 20.140776
0 2 10.411374
1 3 41.407986
1 2 11.912028
2 16 19.981862
2 12 15.311110
2 4 7.688792
3 15 35.998170
3 13 36.166089
3 11 10.119322
3 7 23.032715
3 4 22.331233
4 16 24.341486
4 12 18.035408
4 11 0.712441
5 13 31.722921
6 14 25.936724
6 11 39.904671
7 13 38.904952
7 10 22.478426
7 8 2.558732
8 13 4.799748
8 12 17.488688
8 10 2.021030
9 16 22.785740
9 13 32.166732
9 10 46.849786
10 13 14.232608
11 13 48.590329
12 16 10.255555
12 14 31.706242
15 16 20.155988
