19 44 1 34037 2347 0
29.956640
39.923399
33.685990
2.094172
4.988218
45.025791
24.554027
11.115086
0.326052
47.084950
2.685780
21.520764
2.909325
10.226477
17.107123
2.016050
47.254571
6.512252
28.655987
0 14 4.671959
0 12 31.688493
0 6 7.685877
0 3 25.989183
0 2 6.702978
1 18 47.545493
1 17 40.626458
1 7 24.197564
1 6 42.457110
1 5 17.274656
2 18 19.549407
2 16 6.257976
2 13 17.268931
2 10 8.177294
3 18 13.739024
3 14 47.940968
3 13 41.102686
3 9 33.584337
3 6 7.630041
4 18 45.877093
4 10 20.243338
4 7 4.844592
5 18 30.891478
5 12 3.590425
5 10 48.265511
6 17 26.920784
6 15 35.224687
6 13 8.885090
6 10 49.663213
7 18 21.778599
7 9 31.751930
7 8 31.813219
8 17 49.349027
8 15 21.643179
9 18 24.971076
9 11 21.312087
10 16 10.942859
11 18 6.084209
13 16 5.198835
14 18 15.182925
14 16 30.539715
14 15 21.279265
15 18 25.282468
17 18 18.258020
