15 34 1 35577 80 0
1.604168
7.917435
48.225809
9.008513
10.730973
39.871867
32.324971
5.612193
12.232821
32.138945
36.628708
34.599891
44.149244
34.851768
21.226552
0 10 43.013099
0 9 20.886979
0 8 42.175016
0 4 8.879052
1 10 37.672891
1 9 30.848103
1 8 46.691020
1 5 27.322537
1 4 34.539682
1 3 22.002820
2 14 45.970945
2 12 25.873166
2 9 24.107508
2 7 38.211846
3 9 2.161354
3 6 29.933951
3 5 47.338602
4 13 16.616883
4 11 19.870456
4 10 8.158687
4 6 14.166027
5 8 42.265744
5 7 21.942304
6 9 34.634058
7 14 4.828252
7 12 0.030180
7 10 18.511565
8 12 2.382335
8 9 33.915456
9 13 1.326472
9 11 13.657795
10 11 31.251263
12 14 32.081354
13 14 0.510016
