18 32 1 24587 727 0
2.092616
8.666470
4.187303
25.162840
19.814719
1.520569
16.348277
40.921942
9.508129
42.023423
39.583497
2.009010
37.567134
38.048211
11.786955
7.663901
9.638169
10.428718
0 7 31.084070
0 2 8.806593
1 17 19.033103
1 7 46.047113
2 16 21.686929
2 14 30.580595
2 10 43.002227
2 9 42.022598
3 16 7.836051
3 8 48.710099
4 9 2.759259
4 7 16.207751
5 17 10.227239
5 10 30.390967
5 9 11.438786
5 6 32.442912
6 13 49.707231
7 16 28.060444
7 15 3.323572
7 13 1.109506
7 12 13.789439
8 17 8.366629
9 16 14.363312
11 17 3.981197
11 16 12.226545
11 12 46.383692
12 13 10.909524
13 17 7.328560
13 16 16.366328
13 15 43.150956
15 17 27.748662
15 16 20.327970
