18 32 1 35150 294 0
21.606570
28.708813
24.058703
10.648884
4.605145
18.899463
40.853981
43.123939
16.473425
40.949133
29.546920
19.617818
13.088395
38.348080
43.903984
38.423470
1.309416
25.636646
0 7 9.967926
0 2 40.725464
1 17 5.012491
1 7 49.893874
2 16 16.733943
2 14 14.390676
2 10 4.191943
2 9 23.185714
3 16 46.646130
3 8 47.150108
4 9 20.914797
4 7 28.449244
5 17 33.241352
5 10 38.809797
5 9 29.961109
5 6 2.781981
6 13 0.101340
7 16 4.638781
7 15 22.361923
7 13 36.502260
7 12 10.132922
8 17 33.572766
9 16 36.890181
11 17 42.575511
11 16 34.549338
11 12 21.036422
12 13 3.349152
13 17 5.925853
13 16 41.023304
13 15 13.735839
15 17 34.854864
15 16 10.913447
