18 32 1 30633 265 0
21.711900
15.174835
22.589694
11.345670
23.739509
29.711935
27.751385
35.957566
34.671565
10.153450
20.468406
28.248858
40.860969
41.662458
4.709413
20.700420
48.175890
27.058583
0 7 6.068307
0 2 22.537427
1 17 39.440243
1 7 35.050688
2 16 41.351405
2 14 37.175491
2 10 12.381337
2 9 35.918471
3 16 20.233062
3 8 14.682966
4 9 45.615546
4 7 8.137897
5 17 27.603389
5 10 7.746410
5 9 19.699286
5 6 9.371384
6 13 28.770676
7 16 22.703391
7 15 49.961901
7 13 40.166321
7 12 1.287327
8 17 12.056941
9 16 36.229204
11 17 48.639696
11 16 7.633392
11 12 4.446714
12 13 12.677192
13 17 19.332891
13 16 11.583476
13 15 22.593382
15 17 33.001601
15 16 7.050355
