18 32 1 27487 520 0
38.741586
37.800259
48.590777
21.368739
27.533077
28.660199
47.535381
2.021408
12.877371
27.328435
32.429036
15.618618
3.699694
29.532452
26.087383
39.847557
16.426907
37.251515
0 7 9.509352
0 2 11.206750
1 17 9.316475
1 7 35.563283
2 16 25.375204
2 14 39.139835
2 10 19.661722
2 9 30.842695
3 16 49.250160
3 8 46.912699
4 9 10.397181
4 7 24.113975
5 17 25.408688
5 10 22.358668
5 9 17.661227
5 6 38.747586
6 13 14.485812
7 16 22.025099
7 15 7.444059
7 13 39.878138
7 12 32.881763
8 17 25.861699
9 16 6.899394
11 17 20.795985
11 16 15.080167
11 12 2.935094
12 13 27.498753
13 17 18.303564
13 16 4.862738
13 15 4.403512
15 17 29.447808
15 16 49.694543
