15 34 1 21840 1424 0
28.681902
27.466202
10.040199
35.836185
17.701495
32.001067
9.898621
16.337296
2.849420
4.053673
36.953898
15.775815
13.799232
16.257904
32.965402
0 10 27.072778
0 9 18.781996
0 8 31.169353
0 4 1.374829
1 10 30.878721
1 9 20.304175
1 8 44.777648
1 5 45.913129
1 4 14.660383
1 3 34.230936
2 14 41.080826
2 12 10.395189
2 9 19.081422
2 7 44.372021
3 9 28.248094
3 6 17.822639
3 5 17.867954
4 13 37.465805
4 11 9.569460
4 10 0.991166
4 6 31.454806
5 8 33.465392
5 7 7.273822
6 9 0.423190
7 14 2.757853
7 12 22.430772
7 10 0.886128
8 12 1.256802
8 9 47.274823
9 13 4.824787
9 11 6.258748
10 11 30.843789
12 14 9.252061
13 14 23.164009
