15 34 1 23718 1695 0
8.172880
6.942876
37.868464
37.649611
16.104958
2.076193
12.603175
34.595305
36.255975
45.953053
42.824605
37.987902
10.555630
18.199039
8.207421
0 10 4.711787
0 9 21.056517
0 8 48.456351
0 4 41.922237
1 10 36.504990
1 9 47.429235
1 8 3.804064
1 5 45.078445
1 4 13.744449
1 3 9.153335
2 14 18.126279
2 12 13.997235
2 9 47.485503
2 7 45.546189
3 9 20.505917
3 6 43.680826
3 5 49.832941
4 13 31.826357
4 11 31.960639
4 10 40.720552
4 6 47.355118
5 8 11.858957
5 7 43.721356
6 9 22.444052
7 14 8.958723
7 12 8.859864
7 10 42.826915
8 12 29.806586
8 9 32.807386
9 13 25.785823
9 11 39.098004
10 11 28.531007
12 14 34.203991
13 14 37.220237
