18 32 1 2811 452 0
16.764487
18.570282
25.676890
8.470306
33.730694
49.583744
28.318940
37.815028
36.861546
30.612575
11.604407
0.688094
27.967120
45.677352
11.421860
4.470281
17.479448
11.480517
0 7 33.129978
0 2 47.500167
1 17 13.336963
1 7 18.419821
2 16 11.273366
2 14 0.976264
2 10 49.061381
2 9 0.072680
3 16 26.211057
3 8 24.322016
4 9 21.618403
4 7 35.142572
5 17 11.871656
5 10 28.900162
5 9 17.579972
5 6 34.774032
6 13 42.649197
7 16 20.931309
7 15 20.625818
7 13 35.340438
7 12 27.613197
8 17 13.401583
9 16 4.057454
11 17 1.412850
11 16 47.277638
11 12 34.798507
12 13 36.918428
13 17 2.118852
13 16 33.050770
13 15 22.083598
15 17 27.398624
15 16 1.340691
