18 32 1 33520 57 0
23.544591
18.534352
36.284136
21.393685
42.374403
22.838698
33.212859
45.271371
3.267354
49.440148
31.861602
47.797471
24.924426
23.207452
48.594285
32.840005
9.618648
28.569914
0 7 2.475112
0 2 4.287110
1 17 16.549664
1 7 31.151525
2 16 7.267858
2 14 45.879967
2 10 40.266821
2 9 20.337048
3 16 40.818243
3 8 49.389655
4 9 7.982822
4 7 23.471250
5 17 0.454480
5 10 13.051876
5 9 31.235680
5 6 27.618679
6 13 40.543541
7 16 37.445827
7 15 30.088191
7 13 28.956395
7 12 3.111428
8 17 39.158744
9 16 44.260920
11 17 19.929206
11 16 22.207242
11 12 9.110265
12 13 21.975870
13 17 20.034488
13 16 30.977189
13 15 21.479116
15 17 5.756889
15 16 45.923661
