17 35 1 26737 43 0
44.777182
32.129245
17.780914
49.366456
44.206905
48.500282
6.643925
6.861636
27.781131
38.618271
48.973380
18.805976
37.619680
24.101622
26.647164
47.340179
33.947812
0 13 35.828937
0 11 30.740101
0 6 19.490060
0 3 47.706006
0 2 1.619233
1 3 10.533437
1 2 1.005540
2 16 5.037642
2 12 47.028889
2 4 27.341690
3 15 11.048023
3 13 23.310301
3 11 33.176706
3 7 37.285974
3 4 18.763441
4 16 41.226140
4 12 25.521922
4 11 41.476017
5 13 23.160565
6 14 49.995529
6 11 44.354801
7 13 35.040257
7 10 39.776940
7 8 28.495126
8 13 44.481997
8 12 32.334999
8 10 40.040143
9 16 5.196314
9 13 47.761577
9 10 30.495178
10 13 27.108442
11 13 21.117395
12 16 43.687559
12 14 47.642347
15 16 1.775435
