17 35 1 38733 654 0
31.325163
33.318685
49.847949
26.188949
8.002961
46.617914
39.191992
29.075418
33.026684
27.840711
31.864972
22.496236
42.938143
33.120420
9.488494
40.587822
49.503785
0 13 2.519531
0 11 26.467851
0 6 36.917992
0 3 16.052527
0 2 1.373406
1 3 48.684184
1 2 13.571895
2 16 1.754681
2 12 40.566418
2 4 4.893540
3 15 17.135623
3 13 20.211016
3 11 15.833930
3 7 37.914476
3 4 2.195746
4 16 48.458135
4 12 15.831257
4 11 48.634692
5 13 7.162165
6 14 21.887576
6 11 14.757170
7 13 28.965089
7 10 11.290229
7 8 25.219644
8 13 8.663401
8 12 39.040979
8 10 14.082143
9 16 20.775357
9 13 1.959247
9 10 28.870423
10 13 37.192132
11 13 8.870269
12 16 2.254545
12 14 5.772639
15 16 22.192179
