19 44 1 38050 258 0
16.429240
33.287911
23.753423
4.504241
20.998899
0.305122
38.427295
27.222174
47.520424
4.025667
45.262517
17.920578
9.526650
41.525703
6.412845
5.362084
25.205975
45.778709
14.335569
0 14 24.422278
0 12 34.146718
0 6 20.793987
0 3 22.594880
0 2 49.947066
1 18 30.963625
1 17 30.161305
1 7 43.818727
1 6 35.250436
1 5 23.092841
2 18 41.644273
2 16 7.735126
2 13 36.645158
2 10 15.977695
3 18 24.466804
3 14 6.342810
3 13 21.959319
3 9 31.082412
3 6 40.037110
4 18 43.922256
4 10 17.409357
4 7 10.049481
5 18 39.137417
5 12 32.236208
5 10 47.992057
6 17 36.860462
6 15 32.447556
6 13 49.201181
6 10 43.856419
7 18 11.099956
7 9 26.935280
7 8 17.212306
8 17 7.932294
8 15 41.647906
9 18 1.972010
9 11 37.953582
10 16 10.456043
11 18 16.952029
13 16 1.871270
14 18 23.981313
14 16 4.517286
14 15 39.499657
15 18 5.437364
17 18 6.057556
