19 44 1 30725 113 0
48.049061
6.047599
37.480537
14.694512
24.952889
49.500408
20.301792
4.845834
22.087076
13.716397
19.271974
47.046667
22.268803
30.100870
0.701095
43.053053
15.380533
34.981483
49.078925
0 14 19.197521
0 12 44.018212
0 6 38.413541
0 3 21.265111
0 2 13.179909
1 18 38.229570
1 17 45.422760
1 7 1.491586
1 6 19.230058
1 5 30.419065
2 18 23.079069
2 16 43.347866
2 13 16.404265
2 10 20.826832
3 18 38.829270
3 14 8.536243
3 13 39.981164
3 9 46.750619
3 6 8.282377
4 18 26.770331
4 10 15.389429
4 7 35.473335
5 18 9.277071
5 12 20.929462
5 10 37.956914
6 17 2.583020
6 15 45.483989
6 13 31.161720
6 10 19.379623
7 18 21.345572
7 9 7.796867
7 8 16.235683
8 17 32.436269
8 15 26.172736
9 18 31.002032
9 11 12.180933
10 16 17.942968
11 18 7.203651
13 16 34.619188
14 18 5.727168
14 16 29.481640
14 15 33.612086
15 18 4.241075
17 18 36.853882
