15 34 1 27860 205 0
4.649640
0.951147
14.353910
43.860388
42.620818
29.324079
1.673416
43.159052
39.743842
44.111468
13.375580
33.426788
3.670653
14.447996
28.948247
0 10 37.260529
0 9 37.088932
0 8 16.242493
0 4 38.192289
1 10 47.657533
1 9 46.005640
1 8 36.585695
1 5 40.742933
1 4 20.583397
1 3 31.885912
2 14 34.314898
2 12 16.117201
2 9 0.953833
2 7 40.849530
3 9 13.899321
3 6 13.328867
3 5 30.097807
4 13 33.768053
4 11 20.201401
4 10 31.685309
4 6 43.946169
5 8 25.460245
5 7 43.624706
6 9 48.063866
7 14 7.897259
7 12 28.651888
7 10 41.159769
8 12 19.686107
8 9 4.997757
9 13 26.494222
9 11 15.833164
10 11 20.056928
12 14 40.240888
13 14 42.271271
