18 32 1 37671 922 0
42.273781
17.603881
47.874635
19.146090
9.134094
31.167369
39.327894
13.564570
15.951958
0.776885
34.868444
39.601436
5.269874
31.803323
32.877808
41.939049
19.970610
49.565485
0 7 43.009395
0 2 15.561525
1 17 34.740181
1 7 35.079022
2 16 39.796593
2 14 26.694706
2 10 48.099596
2 9 15.306393
3 16 38.114577
3 8 27.141600
4 9 38.005057
4 7 28.219356
5 17 32.694994
5 10 4.676824
5 9 25.428279
5 6 15.138287
6 13 31.033275
7 16 0.311733
7 15 15.225864
7 13 21.694575
7 12 16.537314
8 17 2.724968
9 16 17.357767
11 17 10.611141
11 16 42.471847
11 12 32.914814
12 13 30.846300
13 17 3.350406
13 16 44.623400
13 15 29.114096
15 17 32.674665
15 16 38.489353
