18 32 1 29780 149 0
10.346349
33.836842
31.761465
48.218048
26.718987
36.750173
14.595775
43.359290
3.163544
29.947779
0.809968
5.656495
17.295560
30.685974
22.949883
29.446666
39.656321
15.992154
0 7 14.753941
0 2 4.599695
1 17 1.330250
1 7 40.964494
2 16 1.994797
2 14 25.666759
2 10 12.272529
2 9 22.885228
3 16 34.231155
3 8 30.784167
4 9 42.963504
4 7 28.774708
5 17 39.604205
5 10 24.459447
5 9 25.516935
5 6 28.546242
6 13 32.605758
7 16 14.083977
7 15 26.144327
7 13 16.232378
7 12 41.153423
8 17 17.187509
9 16 27.912244
11 17 47.459945
11 16 39.676951
11 12 10.970328
12 13 12.191822
13 17 26.413928
13 16 35.815305
13 15 14.350116
15 17 14.989142
15 16 1.603116
