16 27 1 26428 5 0
10.619334
21.951149
36.216515
31.399465
21.038191
15.361488
42.284740
26.654341
48.100873
48.799055
36.767431
3.142826
1.509856
9.774939
15.209595
14.079304
0 6 42.241056
0 4 46.434757
0 2 21.773138
1 13 48.988181
1 11 41.863761
3 12 43.497659
3 10 26.599554
3 6 49.786321
3 5 14.914972
4 15 18.618353
4 12 1.364324
4 7 12.607504
4 6 9.702148
5 11 2.608022
5 10 9.149874
5 9 25.291308
6 14 20.629650
6 12 15.971905
6 11 9.190867
7 14 8.813164
8 15 34.065042
8 14 15.069015
8 12 45.274647
10 15 47.883483
10 13 0.858171
10 12 46.142781
11 12 27.404929
