18 32 1 35383 544 0
46.010910
39.896233
20.817156
37.678077
18.274994
2.939228
19.417212
6.720656
44.578877
27.047817
14.646785
47.067565
15.998220
33.951728
5.605258
0.174563
14.260549
40.250010
0 7 20.335615
0 2 5.038769
1 17 45.183697
1 7 7.504495
2 16 38.146129
2 14 28.510488
2 10 12.155680
2 9 44.883877
3 16 12.199475
3 8 35.912064
4 9 19.879527
4 7 8.664503
5 17 27.558505
5 10 18.478039
5 9 24.837286
5 6 23.413774
6 13 37.545625
7 16 20.079853
7 15 19.095864
7 13 5.721284
7 12 44.442059
8 17 12.229637
9 16 8.753171
11 17 39.570576
11 16 20.272385
11 12 2.569331
12 13 5.973580
13 17 24.678223
13 16 35.896558
13 15 16.695849
15 17 25.894850
15 16 5.906745
