18 32 1 25071 51 0
20.652377
30.779447
23.487919
4.113795
42.705927
23.131446
31.923437
1.305919
6.649621
9.216361
40.286312
12.522016
38.100607
32.800889
6.235224
25.766136
14.154306
33.945411
0 7 44.533623
0 2 39.814600
1 17 21.527521
1 7 40.628261
2 16 37.507989
2 14 43.701993
2 10 11.914849
2 9 13.366370
3 16 18.468165
3 8 8.534214
4 9 7.378216
4 7 9.607963
5 17 27.705852
5 10 30.465417
5 9 23.474706
5 6 17.886486
6 13 35.834661
7 16 36.654138
7 15 29.430949
7 13 35.290226
7 12 35.914841
8 17 49.525861
9 16 43.346589
11 17 33.232459
11 16 18.964529
11 12 12.206356
12 13 6.950509
13 17 24.007272
13 16 19.522889
13 15 18.597436
15 17 49.092412
15 16 11.005924
