19 44 1 31420 1049 0
33.979457
14.462754
0.945511
2.573795
5.268709
7.621254
28.057906
33.123370
23.190658
33.346315
28.871156
33.393602
4.316705
29.485718
34.086486
7.992178
33.345592
19.140895
23.522997
0 14 49.986986
0 12 2.131538
0 6 21.419347
0 3 0.327708
0 2 44.932472
1 18 34.703785
1 17 9.600039
1 7 8.027781
1 6 4.435247
1 5 40.231740
2 18 38.839693
2 16 16.429774
2 13 27.894760
2 10 6.319782
3 18 29.261084
3 14 9.409935
3 13 21.622647
3 9 41.041323
3 6 20.874983
4 18 21.619959
4 10 16.989613
4 7 22.889726
5 18 5.490282
5 12 38.763485
5 10 46.566542
6 17 47.484147
6 15 2.573280
6 13 7.639531
6 10 9.829413
7 18 16.354979
7 9 39.419989
7 8 18.338567
8 17 37.306388
8 15 4.084630
9 18 0.748921
9 11 23.988826
10 16 32.028332
11 18 44.328185
13 16 27.796059
14 18 47.444142
14 16 12.086896
14 15 9.768836
15 18 8.842210
17 18 45.128217
