16 27 1 28166 40 0
38.001067
14.898485
42.300014
5.962250
6.479318
27.291065
42.232800
12.511367
41.154957
5.892761
48.954206
16.891778
25.946965
30.536104
48.093122
22.629263
0 6 47.538358
0 4 24.989561
0 2 0.100807
1 13 46.140282
1 11 38.580458
3 12 49.868763
3 10 25.316160
3 6 23.405805
3 5 10.851570
4 15 19.279477
4 12 42.996884
4 7 29.842255
4 6 17.405039
5 11 1.043619
5 10 9.332564
5 9 15.981267
6 14 40.851028
6 12 15.572614
6 11 35.199172
7 14 1.331577
8 15 26.309195
8 14 13.076184
8 12 47.153426
10 15 14.942581
10 13 2.187808
10 12 25.335883
11 12 45.734335
