17 35 1 29966 99 0
5.552537
48.207968
11.086373
40.146411
16.304013
30.145231
25.877633
10.879096
18.942422
35.704578
21.325714
12.702839
40.539813
5.212575
33.494931
6.187611
26.053920
0 13 7.996579
0 11 5.107992
0 6 13.493027
0 3 41.716897
0 2 48.479891
1 3 0.874504
1 2 29.571545
2 16 37.298283
2 12 27.181936
2 4 44.083527
3 15 3.322327
3 13 26.269589
3 11 26.288337
3 7 29.566719
3 4 22.467359
4 16 7.554833
4 12 24.357664
4 11 14.238096
5 13 48.000863
6 14 32.443447
6 11 44.529677
7 13 28.226499
7 10 49.413514
7 8 1.880737
8 13 42.969475
8 12 33.922617
8 10 0.926887
9 16 35.318707
9 13 49.164633
9 10 8.716137
10 13 0.639756
11 13 2.095931
12 16 28.933795
12 14 12.848112
15 16 22.289020
