19 44 1 22316 343 0
46.538527
32.965094
7.358146
1.078100
19.460091
10.202610
18.532937
17.192548
7.337568
39.556436
9.384512
5.791010
16.435385
6.146970
33.370619
16.279798
7.334414
27.533648
18.042857
0 14 14.039094
0 12 32.887098
0 6 45.340215
0 3 49.533832
0 2 24.904721
1 18 2.340889
1 17 40.659796
1 7 0.280803
1 6 4.766074
1 5 10.270832
2 18 17.820981
2 16 31.343134
2 13 16.262654
2 10 6.982610
3 18 44.824518
3 14 0.585309
3 13 44.676526
3 9 39.409076
3 6 6.571290
4 18 17.203392
4 10 33.064178
4 7 24.398668
5 18 4.850264
5 12 15.461870
5 10 35.162883
6 17 31.574960
6 15 25.559970
6 13 26.595854
6 10 0.408198
7 18 24.365075
7 9 18.094721
7 8 4.096327
8 17 8.422791
8 15 2.787987
9 18 32.448311
9 11 46.470092
10 16 39.535660
11 18 39.236463
13 16 45.548231
14 18 4.002262
14 16 30.431034
14 15 33.694978
15 18 48.495316
17 18 47.813628
