15 34 1 31480 1028 0
25.658708
37.589869
4.751257
36.610461
3.147738
12.485690
1.695767
9.839435
9.342911
12.337674
29.969717
37.210415
42.340336
18.782453
41.238875
0 10 16.560639
0 9 31.325340
0 8 15.752382
0 4 17.256649
1 10 43.787397
1 9 23.354450
1 8 16.418413
1 5 8.720692
1 4 49.969518
1 3 23.556746
2 14 49.458299
2 12 38.275746
2 9 45.385347
2 7 39.267450
3 9 42.953756
3 6 23.834638
3 5 3.878205
4 13 28.184714
4 11 24.521319
4 10 19.755159
4 6 46.744376
5 8 20.637592
5 7 17.420420
6 9 31.968279
7 14 25.668845
7 12 3.969916
7 10 41.567461
8 12 34.424877
8 9 42.859082
9 13 19.548570
9 11 31.742231
10 11 45.327232
12 14 48.543185
13 14 5.251023
