18 32 1 37885 460 0
22.688025
43.709985
11.156155
33.024502
44.860258
6.416167
27.083941
11.714275
9.230804
41.584686
0.166657
5.596722
7.876368
10.362698
6.448775
8.040822
22.357028
19.838814
0 7 1.991484
0 2 20.182215
1 17 5.447985
1 7 47.925574
2 16 49.449557
2 14 13.230692
2 10 37.287621
2 9 13.063330
3 16 18.943219
3 8 4.859943
4 9 19.637863
4 7 37.611846
5 17 19.687469
5 10 30.167218
5 9 3.529036
5 6 45.975058
6 13 12.156429
7 16 5.584721
7 15 12.972344
7 13 40.654376
7 12 18.418906
8 17 31.775246
9 16 39.803785
11 17 4.150304
11 16 2.762163
11 12 4.774164
12 13 23.100995
13 17 42.204546
13 16 37.874224
13 15 18.924708
15 17 24.896010
15 16 46.923780
