15 34 1 50475 487 0
15.519597
8.465386
14.924783
42.558588
31.272360
16.808993
40.832340
43.766264
14.401329
19.831187
22.229399
44.182414
25.116385
34.157421
8.827870
0 10 3.463248
0 9 30.175691
0 8 45.090519
0 4 3.578120
1 10 15.044620
1 9 11.644848
1 8 13.304988
1 5 29.092584
1 4 27.820256
1 3 31.614569
2 14 18.830330
2 12 11.211184
2 9 12.824891
2 7 34.825994
3 9 6.158756
3 6 15.835175
3 5 36.947103
4 13 36.136820
4 11 17.551113
4 10 31.130703
4 6 37.500351
5 8 42.826658
5 7 5.076211
6 9 17.495125
7 14 9.477212
7 12 3.275311
7 10 47.533255
8 12 40.904137
8 9 45.528865
9 13 17.365451
9 11 44.713546
10 11 11.309625
12 14 29.211492
13 14 13.698271
