15 34 1 47466 140 0
11.907240
13.913940
9.757536
42.100307
33.661747
39.427831
21.252733
35.637048
0.219505
15.636308
43.830911
4.858444
37.993078
12.801415
30.017234
0 10 4.147622
0 9 9.527704
0 8 28.195546
0 4 23.411730
1 10 49.952078
1 9 41.703106
1 8 46.668218
1 5 28.683563
1 4 3.324380
1 3 40.300565
2 14 26.259249
2 12 16.677419
2 9 29.947901
2 7 5.727208
3 9 20.306806
3 6 14.823579
3 5 26.851822
4 13 18.400584
4 11 33.385661
4 10 21.885537
4 6 13.244136
5 8 24.299531
5 7 5.005783
6 9 40.455383
7 14 45.580595
7 12 3.754849
7 10 10.484344
8 12 33.736142
8 9 2.745996
9 13 25.238590
9 11 7.991974
10 11 47.507229
12 14 14.413452
13 14 39.891163
