17 35 1 48775 229 0
46.193850
33.384686
9.307151
12.447315
39.917793
22.083077
49.096366
9.419463
8.127376
39.072803
1.939805
30.715812
29.940966
42.103272
40.888635
39.660853
1.298312
0 13 32.932389
0 11 23.880259
0 6 0.368743
0 3 5.731943
0 2 34.837984
1 3 13.837856
1 2 1.505880
2 16 5.843444
2 12 24.269476
2 4 24.808359
3 15 17.387125
3 13 4.479929
3 11 36.167627
3 7 36.400894
3 4 26.084376
4 16 29.569210
4 12 2.132826
4 11 48.900949
5 13 15.049957
6 14 42.305352
6 11 24.512746
7 13 9.537536
7 10 21.105533
7 8 10.909191
8 13 33.671740
8 12 41.727563
8 10 19.945372
9 16 7.518793
9 13 31.403234
9 10 34.383897
10 13 19.981433
11 13 16.504374
12 16 17.402577
12 14 24.615829
15 16 20.038216
