17 35 1 41942 1322 0
0.375010
26.061184
20.230322
9.403888
2.293426
7.188609
42.835701
1.290706
38.070517
34.160945
21.894205
49.913724
42.806449
10.255139
19.760179
12.857365
27.328791
0 13 18.204002
0 11 14.775630
0 6 48.181119
0 3 12.425744
0 2 44.100563
1 3 17.008338
1 2 46.508910
2 16 16.255618
2 12 21.022127
2 4 24.863520
3 15 18.495207
3 13 16.281253
3 11 48.048432
3 7 45.462601
3 4 35.955156
4 16 35.632361
4 12 7.599922
4 11 13.772737
5 13 4.187145
6 14 43.456682
6 11 19.160515
7 13 14.168316
7 10 11.256825
7 8 38.239519
8 13 6.083439
8 12 10.489688
8 10 39.257265
9 16 27.234798
9 13 42.965919
9 10 45.609267
10 13 31.017364
11 13 33.080233
12 16 31.649619
12 14 44.398326
15 16 23.051450
