16 27 1 50140 375 0
8.330126
46.695205
30.697192
9.304556
48.404095
7.753867
26.189945
41.507327
15.027870
36.832634
18.884612
30.723787
15.638914
23.314188
8.036550
30.027089
0 6 44.833740
0 4 9.196599
0 2 34.620924
1 13 48.161994
1 11 39.391334
3 12 1.449998
3 10 49.495652
3 6 27.727470
3 5 21.746095
4 15 17.130333
4 12 16.178529
4 7 11.657517
4 6 30.152912
5 11 11.930186
5 10 3.856318
5 9 25.818915
6 14 34.178491
6 12 39.173307
6 11 33.598331
7 14 47.808606
8 15 29.988189
8 14 7.826845
8 12 24.309495
10 15 37.309618
10 13 43.978977
10 12 16.205780
11 12 47.760230
