15 34 1 43216 589 0
43.283449
18.010173
24.234507
39.287108
11.986675
4.089497
38.959974
30.832481
14.645540
40.966886
6.573278
16.417039
23.901397
33.344394
23.174095
0 10 30.292591
0 9 24.359044
0 8 18.481955
0 4 30.035913
1 10 10.711154
1 9 23.502496
1 8 30.425067
1 5 14.651006
1 4 37.468634
1 3 15.561927
2 14 44.647853
2 12 15.715717
2 9 34.296964
2 7 32.053613
3 9 30.584000
3 6 23.888097
3 5 35.460873
4 13 14.347730
4 11 3.324392
4 10 35.369064
4 6 24.064239
5 8 13.296518
5 7 3.056745
6 9 45.816726
7 14 10.608701
7 12 17.281121
7 10 31.030077
8 12 30.736889
8 9 39.679441
9 13 16.041044
9 11 28.188508
10 11 31.140031
12 14 38.176282
13 14 17.592209
