19 44 1 42911 697 0
45.249180
42.304164
37.478746
6.921320
39.216216
42.994598
37.423281
43.685224
13.346573
10.891598
30.459581
8.771106
15.614512
6.758086
28.335674
38.263294
14.394996
12.752908
41.065878
0 14 30.033574
0 12 31.300798
0 6 38.433725
0 3 40.899740
0 2 26.815793
1 18 20.388763
1 17 49.232770
1 7 24.779714
1 6 1.909143
1 5 43.577370
2 18 31.120886
2 16 26.053948
2 13 20.083481
2 10 18.227667
3 18 47.207030
3 14 49.412653
3 13 31.926017
3 9 38.941757
3 6 49.102695
4 18 28.360016
4 10 33.825086
4 7 13.219456
5 18 11.441707
5 12 39.211945
5 10 5.773483
6 17 8.945218
6 15 37.258284
6 13 26.786361
6 10 17.811201
7 18 15.688540
7 9 25.994603
7 8 42.258836
8 17 45.814644
8 15 28.280362
9 18 11.042090
9 11 20.835826
10 16 5.389158
11 18 27.925032
13 16 22.054453
14 18 30.181716
14 16 49.926293
14 15 14.722305
15 18 24.126101
17 18 44.526341
