15 34 1 42214 850 0
32.156910
1.970001
39.920195
46.934676
3.433414
35.164603
28.844451
33.333655
43.047841
11.042735
25.634055
36.059871
0.534325
35.501115
26.171580
0 10 11.323166
0 9 4.356698
0 8 16.444503
0 4 32.898863
1 10 1.204187
1 9 9.535724
1 8 11.325793
1 5 4.382750
1 4 33.271488
1 3 18.565433
2 14 9.786164
2 12 9.050615
2 9 46.777877
2 7 18.753875
3 9 20.627675
3 6 9.009328
3 5 1.993938
4 13 15.550246
4 11 40.526291
4 10 10.121495
4 6 49.042352
5 8 36.991575
5 7 20.771796
6 9 39.013383
7 14 47.727075
7 12 34.249448
7 10 11.308852
8 12 0.633059
8 9 13.393413
9 13 40.924477
9 11 23.641923
10 11 15.971929
12 14 13.299830
13 14 44.074303
