19 44 1 42062 539 0
20.010497
5.837340
29.308620
30.190481
10.452841
43.695997
37.821496
21.434944
24.457693
27.250777
18.196419
43.328364
2.196237
24.244856
20.734021
3.731917
16.340701
13.972778
10.860636
0 14 40.711382
0 12 16.205525
0 6 27.534694
0 3 45.767060
0 2 39.950289
1 18 12.992535
1 17 27.422593
1 7 22.842059
1 6 29.282716
1 5 45.434569
2 18 40.995749
2 16 18.914079
2 13 24.881584
2 10 5.058133
3 18 9.499636
3 14 39.474137
3 13 49.722064
3 9 48.271847
3 6 29.781194
4 18 23.265233
4 10 1.451002
4 7 13.264922
5 18 5.087643
5 12 36.486668
5 10 2.645037
6 17 35.088019
6 15 4.606583
6 13 27.964898
6 10 47.161033
7 18 8.101667
7 9 2.053943
7 8 6.871687
8 17 3.255466
8 15 29.032765
9 18 49.182440
9 11 2.768143
10 16 38.555766
11 18 29.507036
13 16 2.140046
14 18 28.013768
14 16 47.914941
14 15 48.425868
15 18 17.103886
17 18 32.009690
