16 27 1 47633 369 0
0.881505
47.450287
23.825663
33.628042
46.873181
27.023234
15.084380
41.849112
8.263519
28.892762
29.992196
19.773920
47.981045
15.028974
47.915251
42.908182
0 6 30.628381
0 4 12.009365
0 2 19.888220
1 13 32.470538
1 11 26.846106
3 12 40.123446
3 10 17.496317
3 6 49.308409
3 5 11.460587
4 15 2.005864
4 12 0.157306
4 7 0.182879
4 6 45.983006
5 11 28.194745
5 10 45.204048
5 9 36.872233
6 14 47.673637
6 12 33.417450
6 11 2.064437
7 14 47.090339
8 15 37.166431
8 14 41.029704
8 12 1.224084
10 15 23.040570
10 13 13.472185
10 12 21.018438
11 12 42.136677
