17 35 1 50911 58 0
2.633323
24.336734
16.152029
40.237380
44.409073
34.578335
11.812315
33.882115
34.365688
40.590698
5.642340
23.126283
41.237168
0.198656
23.726913
31.351599
35.858873
0 13 11.532597
0 11 20.530489
0 6 5.148982
0 3 16.944551
0 2 29.282490
1 3 6.749827
1 2 34.472159
2 16 44.007005
2 12 47.884246
2 4 3.217966
3 15 46.056700
3 13 16.828269
3 11 42.742422
3 7 27.884566
3 4 13.681466
4 16 28.799951
4 12 37.755048
4 11 9.775626
5 13 5.111461
6 14 28.439198
6 11 16.729180
7 13 25.767633
7 10 16.921242
7 8 10.010233
8 13 4.019023
8 12 47.268070
8 10 0.328280
9 16 36.723121
9 13 4.050892
9 10 36.011779
10 13 23.843851
11 13 42.946420
12 16 14.142170
12 14 4.502929
15 16 29.442222
