16 27 1 5390 313 0
48.140842
3.607671
36.270703
29.429508
48.035006
33.858207
38.962219
8.306066
46.358099
29.226470
9.591957
39.118308
22.673910
9.563802
28.600563
20.816286
0 6 24.205876
0 4 18.370552
0 2 6.857962
1 13 12.116875
1 11 11.909601
3 12 24.490510
3 10 37.598042
3 6 23.282430
3 5 4.796671
4 15 15.168393
4 12 43.411340
4 7 11.137743
4 6 33.357082
5 11 28.887746
5 10 30.293502
5 9 26.847277
6 14 49.884134
6 12 15.958650
6 11 3.596875
7 14 30.259770
8 15 46.509792
8 14 33.410935
8 12 5.939281
10 15 19.846719
10 13 16.246498
10 12 13.567630
11 12 39.145723
