16 27 1 41680 120 0
34.981205
26.812636
15.760077
10.533174
29.194369
16.980102
12.821195
33.109946
43.917349
16.669848
34.738406
29.072475
43.886799
48.362425
27.295341
11.670167
0 6 24.334712
0 4 40.694949
0 2 25.353754
1 13 45.895682
1 11 12.898634
3 12 11.762996
3 10 10.607016
3 6 40.733192
3 5 27.885249
4 15 6.121396
4 12 23.473372
4 7 40.189564
4 6 35.612438
5 11 46.463196
5 10 23.290395
5 9 41.169405
6 14 44.821446
6 12 33.888710
6 11 43.154792
7 14 27.027002
8 15 49.347987
8 14 8.134151
8 12 39.862611
10 15 5.543223
10 13 5.360613
10 12 24.827479
11 12 30.607210
