18 32 1 42933 675 0
23.238329
19.906266
26.092515
48.554403
19.120635
46.530432
19.685120
49.535597
45.248711
35.733177
40.992650
0.607368
22.617059
27.316878
11.355183
43.556224
41.566139
38.933865
0 7 36.549842
0 2 46.694262
1 17 4.264908
1 7 42.915254
2 16 14.595026
2 14 35.785464
2 10 33.542997
2 9 47.452026
3 16 7.578197
3 8 6.165944
4 9 16.108259
4 7 12.996494
5 17 2.022022
5 10 34.417787
5 9 29.169777
5 6 2.311070
6 13 48.936303
7 16 23.091014
7 15 42.586926
7 13 25.963226
7 12 35.974046
8 17 34.727711
9 16 20.772484
11 17 29.152555
11 16 48.752399
11 12 5.613998
12 13 36.733153
13 17 21.961566
13 16 4.224044
13 15 2.132380
15 17 32.363278
15 16 49.113439
