17 35 1 50516 201 0
11.134688
21.029230
28.046802
36.601764
13.709968
22.151040
29.563964
39.287172
25.732491
21.635857
18.139688
7.621484
11.241005
11.478698
30.414614
11.204299
0.346574
0 13 28.937876
0 11 40.902071
0 6 29.062414
0 3 47.072141
0 2 42.078759
1 3 35.306744
1 2 19.092574
2 16 39.686399
2 12 19.215352
2 4 3.831771
3 15 5.852126
3 13 17.098883
3 11 11.258632
3 7 38.728988
3 4 5.134981
4 16 23.083904
4 12 28.466331
4 11 6.247541
5 13 6.753167
6 14 16.332022
6 11 38.987552
7 13 27.383636
7 10 42.807315
7 8 48.201930
8 13 43.358197
8 12 3.389059
8 10 45.152645
9 16 26.698306
9 13 45.208309
9 10 29.148607
10 13 15.360581
11 13 34.416146
12 16 16.218486
12 14 1.355658
15 16 43.983369
