19 44 1 43066 940 0
3.563653
28.693029
20.375107
47.091456
0.536640
27.335120
41.016582
46.811314
15.871532
44.125717
8.373478
14.745335
44.967827
0.133506
33.692816
6.572712
38.317888
41.189079
8.242807
0 14 0.004753
0 12 26.212657
0 6 28.662370
0 3 34.400091
0 2 28.732230
1 18 20.346738
1 17 28.712083
1 7 4.183812
1 6 49.576407
1 5 16.820121
2 18 47.390464
2 16 4.761199
2 13 5.913665
2 10 45.828615
3 18 43.212593
3 14 20.729184
3 13 13.275767
3 9 17.218132
3 6 12.172258
4 18 4.658893
4 10 26.766653
4 7 24.713192
5 18 24.045399
5 12 31.282275
5 10 10.415936
6 17 20.009527
6 15 9.048233
6 13 19.942200
6 10 29.665432
7 18 27.448275
7 9 2.788509
7 8 16.095371
8 17 45.119301
8 15 8.002413
9 18 34.931727
9 11 48.196046
10 16 37.666938
11 18 17.177116
13 16 1.806243
14 18 35.334144
14 16 46.561787
14 15 20.028580
15 18 30.114398
17 18 20.571918
