16 27 1 5318 77 0
35.289933
4.916377
41.837648
46.241425
40.852114
15.270853
26.745672
48.182059
29.530986
40.766724
35.446057
14.391126
37.809441
21.923408
13.474817
22.617239
0 6 18.234130
0 4 29.277470
0 2 24.463603
1 13 30.508029
1 11 47.706063
3 12 11.021908
3 10 37.983238
3 6 41.856300
3 5 8.733321
4 15 19.514595
4 12 48.964801
4 7 47.767494
4 6 37.026992
5 11 42.886912
5 10 5.136959
5 9 47.453672
6 14 13.264904
6 12 46.270985
6 11 31.504115
7 14 39.419692
8 15 45.644570
8 14 37.225844
8 12 4.258544
10 15 6.900978
10 13 12.776093
10 12 12.577300
11 12 22.675841
