18 32 1 46133 86 0
30.411028
21.667851
20.485725
0.838543
14.999850
33.795472
7.338022
36.210525
28.534505
38.428054
20.514895
44.173546
14.088507
12.559667
34.265860
19.544965
22.124227
22.908624
0 7 48.364462
0 2 14.629119
1 17 30.904974
1 7 23.455316
2 16 10.404059
2 14 44.580310
2 10 18.094840
2 9 24.145523
3 16 25.829880
3 8 22.376037
4 9 25.355897
4 7 21.595956
5 17 45.084088
5 10 8.430459
5 9 5.229428
5 6 2.258572
6 13 45.025190
7 16 15.326991
7 15 3.040330
7 13 44.416354
7 12 42.348493
8 17 15.922061
9 16 13.988001
11 17 49.023898
11 16 29.212956
11 12 22.985784
12 13 22.310477
13 17 0.439645
13 16 30.266203
13 15 46.744512
15 17 39.424792
15 16 39.089521
