17 35 1 50550 735 0
12.648227
29.182199
35.225433
45.619148
48.508644
34.412648
36.670194
10.642404
0.669898
25.923170
34.798830
10.285344
17.209847
12.344316
19.111114
3.649169
10.377743
0 13 4.635188
0 11 3.619479
0 6 18.498972
0 3 21.898506
0 2 25.205677
1 3 33.180889
1 2 43.531888
2 16 6.518762
2 12 31.828176
2 4 21.222731
3 15 38.808105
3 13 16.910722
3 11 16.663965
3 7 31.941122
3 4 46.307179
4 16 39.386024
4 12 32.090059
4 11 6.528925
5 13 40.210008
6 14 43.319718
6 11 10.464799
7 13 9.286220
7 10 23.103349
7 8 26.710773
8 13 17.942893
8 12 21.172349
8 10 29.798638
9 16 21.482272
9 13 15.279136
9 10 25.470883
10 13 39.013686
11 13 12.528684
12 16 7.862410
12 14 21.692775
15 16 47.485039
