18 32 1 47066 84 0
36.833417
3.116456
28.417227
15.153206
17.472283
28.507426
17.314612
22.163765
12.305764
32.412767
18.079659
44.134620
8.054320
4.737516
40.728998
27.420606
38.042552
48.039258
0 7 14.064806
0 2 25.571044
1 17 17.065911
1 7 36.797426
2 16 36.202396
2 14 33.593249
2 10 36.568944
2 9 31.519878
3 16 35.579871
3 8 43.493596
4 9 21.155926
4 7 35.307251
5 17 49.933980
5 10 43.973101
5 9 20.782177
5 6 38.702236
6 13 19.256875
7 16 34.964410
7 15 49.340113
7 13 11.335835
7 12 30.022627
8 17 13.945931
9 16 15.355749
11 17 31.577741
11 16 44.457970
11 12 3.830103
12 13 30.870698
13 17 4.849481
13 16 32.498925
13 15 21.467655
15 17 30.838235
15 16 38.128085
