18 32 1 43716 713 0
16.605175
20.333858
45.263660
39.872439
34.936499
42.382795
29.409618
46.643339
21.712856
22.263445
30.549219
6.500895
40.347586
8.424858
31.951682
47.374967
41.593911
49.945637
0 7 46.143594
0 2 28.828595
1 17 14.943365
1 7 12.681373
2 16 21.891644
2 14 37.644674
2 10 37.925974
2 9 4.227966
3 16 44.122288
3 8 25.572429
4 9 35.807803
4 7 45.795351
5 17 3.786181
5 10 24.781880
5 9 33.517905
5 6 35.683499
6 13 5.355193
7 16 14.567120
7 15 30.273181
7 13 22.615242
7 12 41.573425
8 17 36.058933
9 16 14.509765
11 17 12.689033
11 16 29.451363
11 12 32.163959
12 13 35.546747
13 17 31.616188
13 16 14.102248
13 15 25.070790
15 17 22.773860
15 16 27.281652
