18 32 1 43118 1475 0
15.204453
1.220373
5.685682
10.462554
48.024929
34.382517
43.387593
17.738724
30.256468
38.024970
39.258762
24.589810
17.996490
23.000979
15.484938
3.311682
26.771776
11.990087
0 7 18.741272
0 2 29.067153
1 17 19.996525
1 7 1.817963
2 16 5.459322
2 14 10.617461
2 10 47.125687
2 9 9.291557
3 16 36.284467
3 8 37.193887
4 9 25.055210
4 7 17.697030
5 17 42.040165
5 10 37.314951
5 9 39.005203
5 6 19.515191
6 13 34.600079
7 16 1.697164
7 15 42.746755
7 13 32.606407
7 12 11.953588
8 17 6.277260
9 16 19.045781
11 17 11.890645
11 16 22.885304
11 12 35.002309
12 13 16.534887
13 17 12.254486
13 16 38.392860
13 15 16.100157
15 17 13.656163
15 16 35.144537
