15 34 1 42050 338 0
45.636510
40.604383
27.712412
34.347234
29.412768
21.734658
3.717912
23.507592
20.426009
41.074042
26.760443
7.298115
29.002819
46.227430
7.646516
0 10 42.623131
0 9 6.645552
0 8 7.378017
0 4 5.401630
1 10 26.880041
1 9 44.426656
1 8 37.991079
1 5 15.762220
1 4 47.451032
1 3 16.374318
2 14 35.779371
2 12 35.516178
2 9 8.534986
2 7 36.047407
3 9 5.593039
3 6 23.479616
3 5 32.978766
4 13 2.551119
4 11 21.630239
4 10 13.938805
4 6 37.734392
5 8 38.853280
5 7 10.179983
6 9 14.387377
7 14 10.982104
7 12 39.429282
7 10 18.870671
8 12 6.048438
8 9 1.535680
9 13 43.238758
9 11 24.370681
10 11 5.344889
12 14 46.843542
13 14 47.706231
