18 32 1 46525 704 0
17.607134
14.450677
32.412725
8.387169
28.500113
18.615491
49.936591
16.098247
42.468454
26.598040
4.671877
1.538836
27.874044
38.839754
37.060697
7.939713
16.571622
17.582058
0 7 0.121607
0 2 38.651245
1 17 19.194164
1 7 49.632401
2 16 8.464872
2 14 17.083430
2 10 5.656560
2 9 35.131965
3 16 43.077733
3 8 6.684776
4 9 29.730326
4 7 19.612364
5 17 0.692066
5 10 23.241957
5 9 5.426121
5 6 5.334821
6 13 29.483855
7 16 43.056045
7 15 34.597180
7 13 46.004899
7 12 44.557056
8 17 13.743340
9 16 47.778892
11 17 38.282902
11 16 12.507384
11 12 33.870950
12 13 44.120908
13 17 26.639913
13 16 0.969722
13 15 32.565737
15 17 39.695449
15 16 11.943572
