17 35 1 42037 463 0
25.948223
48.756670
20.394314
32.400470
30.197872
31.663221
37.688442
37.325499
3.871587
33.511650
32.587196
7.056108
25.295541
25.118886
18.795378
35.174340
22.399973
0 13 17.188074
0 11 41.263355
0 6 14.654969
0 3 45.110714
0 2 10.516090
1 3 33.868269
1 2 1.705411
2 16 34.580192
2 12 23.623220
2 4 30.659953
3 15 4.669105
3 13 9.158027
3 11 0.572648
3 7 13.476295
3 4 35.009513
4 16 48.091507
4 12 35.860482
4 11 9.529917
5 13 23.313332
6 14 28.087990
6 11 36.543232
7 13 42.461392
7 10 15.185165
7 8 38.710725
8 13 44.022247
8 12 44.094824
8 10 37.356129
9 16 36.872106
9 13 19.466987
9 10 13.620312
10 13 48.999036
11 13 6.674088
12 16 1.066681
12 14 35.374970
15 16 20.844634
