19 44 1 41762 107 0
3.790136
38.062110
44.124419
29.165463
18.777033
43.031161
8.239022
21.799052
11.101568
41.409276
40.779741
14.647357
20.289679
8.318298
4.690069
35.541694
25.325040
41.979445
32.579108
0 14 25.044982
0 12 10.862547
0 6 2.981834
0 3 47.548553
0 2 7.113270
1 18 28.776626
1 17 48.086908
1 7 14.380415
1 6 35.615770
1 5 35.491393
2 18 18.513144
2 16 48.194562
2 13 47.190348
2 10 37.850571
3 18 31.837901
3 14 15.311150
3 13 49.911390
3 9 41.859807
3 6 29.846163
4 18 41.367940
4 10 33.705132
4 7 7.215429
5 18 36.983302
5 12 9.044410
5 10 29.007420
6 17 30.013893
6 15 21.436472
6 13 30.681066
6 10 34.721316
7 18 1.358861
7 9 48.361653
7 8 23.442099
8 17 42.843707
8 15 1.166268
9 18 4.710266
9 11 9.649303
10 16 12.678773
11 18 20.207437
13 16 38.460576
14 18 22.261147
14 16 23.787650
14 15 14.988560
15 18 30.483495
17 18 13.850941
