15 34 1 4877 176 0
17.007560
4.591326
13.323103
23.769868
40.984729
10.250252
13.624627
25.490539
12.835944
28.591220
48.107923
26.785643
42.523802
36.781616
41.128767
0 10 12.090034
0 9 20.242450
0 8 1.390757
0 4 46.506454
1 10 35.672617
1 9 17.560623
1 8 25.159385
1 5 45.563393
1 4 5.352094
1 3 20.479294
2 14 41.139448
2 12 42.746590
2 9 43.565490
2 7 14.737910
3 9 13.861611
3 6 11.479900
3 5 2.845223
4 13 2.816879
4 11 18.043295
4 10 4.666007
4 6 43.336137
5 8 14.169354
5 7 10.571165
6 9 25.651714
7 14 9.887467
7 12 45.045222
7 10 26.860554
8 12 17.656903
8 9 9.129621
9 13 40.777178
9 11 33.914338
10 11 48.942878
12 14 33.979427
13 14 40.995540
