18 32 1 41775 226 0
31.879812
5.206128
10.835960
24.723519
20.508034
12.002228
47.413389
25.218299
4.536435
7.062692
13.633697
17.215208
23.927424
33.841133
16.877283
12.388000
13.092980
39.138429
0 7 29.855997
0 2 41.413469
1 17 32.104752
1 7 40.514184
2 16 37.101776
2 14 11.165494
2 10 17.278365
2 9 24.071932
3 16 17.768825
3 8 40.116553
4 9 19.798265
4 7 22.244907
5 17 11.868196
5 10 17.273095
5 9 8.560331
5 6 17.883908
6 13 17.246705
7 16 33.260885
7 15 31.194341
7 13 45.307150
7 12 28.490517
8 17 37.161921
9 16 49.517951
11 17 23.883206
11 16 5.813818
11 12 32.468990
12 13 8.652746
13 17 9.044044
13 16 0.886228
13 15 49.266421
15 17 6.683213
15 16 47.862887
