18 32 1 46985 140 0
42.737567
37.209244
49.396333
43.634052
23.887473
46.750201
7.646893
39.279692
29.999723
20.549990
12.088969
29.199972
23.946620
18.232075
33.871732
23.123585
4.985475
27.733997
0 7 49.194699
0 2 13.408318
1 17 4.341633
1 7 5.133432
2 16 3.337467
2 14 46.120169
2 10 37.845204
2 9 28.329049
3 16 32.491788
3 8 33.991738
4 9 41.496215
4 7 10.688670
5 17 43.191433
5 10 21.817260
5 9 7.758876
5 6 4.797162
6 13 34.339922
7 16 32.144686
7 15 10.511120
7 13 45.696457
7 12 42.250143
8 17 4.968393
9 16 30.674361
11 17 17.336885
11 16 35.513965
11 12 3.304830
12 13 15.320086
13 17 30.595364
13 16 48.628791
13 15 35.574685
15 17 29.215359
15 16 13.341241
