15 34 1 49350 25 0
7.003197
5.048690
33.197145
48.157315
15.972394
44.418035
31.606548
42.591022
22.693554
9.908085
4.711577
3.234081
18.033664
26.067631
5.884722
0 10 5.953809
0 9 18.542461
0 8 37.341963
0 4 42.616652
1 10 13.086333
1 9 0.203563
1 8 0.522261
1 5 48.042558
1 4 33.063465
1 3 3.481133
2 14 19.063642
2 12 12.827328
2 9 20.592722
2 7 16.366241
3 9 40.769076
3 6 29.711525
3 5 48.378023
4 13 38.225418
4 11 18.948153
4 10 36.323031
4 6 9.747495
5 8 32.530744
5 7 12.586862
6 9 30.553745
7 14 33.664551
7 12 26.871107
7 10 31.934047
8 12 14.382857
8 9 12.433847
9 13 26.353573
9 11 23.182969
10 11 49.925808
12 14 4.319084
13 14 7.280979
