19 44 1 49075 215 0
39.231711
41.465130
37.898385
40.040945
31.172969
16.000519
34.965289
42.721150
49.606052
40.576391
39.622745
31.398820
37.895782
16.313469
1.295259
18.535008
32.776771
41.441491
24.577691
0 14 24.148651
0 12 18.139235
0 6 3.995599
0 3 44.650103
0 2 1.372295
1 18 20.023929
1 17 47.037919
1 7 36.473991
1 6 42.662028
1 5 22.044152
2 18 2.080562
2 16 25.005922
2 13 0.516325
2 10 34.774640
3 18 24.096163
3 14 43.629024
3 13 15.889124
3 9 21.219679
3 6 5.593733
4 18 7.436357
4 10 23.675990
4 7 5.541634
5 18 38.949344
5 12 7.792771
5 10 44.490136
6 17 16.994550
6 15 42.457466
6 13 30.050079
6 10 33.319864
7 18 12.025124
7 9 41.040851
7 8 5.660841
8 17 17.422407
8 15 26.814698
9 18 42.750301
9 11 29.982168
10 16 11.711340
11 18 37.140200
13 16 27.539427
14 18 32.272056
14 16 24.769894
14 15 18.600261
15 18 41.267079
17 18 10.201151
