18 32 1 45487 516 0
23.337150
49.236527
9.323459
0.669863
34.125802
5.273612
0.349983
33.940423
44.473390
9.954321
40.092245
48.456674
22.100806
1.672153
3.820914
11.528395
24.603557
27.771151
0 7 4.711165
0 2 42.506847
1 17 9.836919
1 7 10.586317
2 16 14.094326
2 14 47.954839
2 10 1.635611
2 9 31.129706
3 16 21.961851
3 8 16.232683
4 9 49.195931
4 7 32.266155
5 17 9.162746
5 10 40.960329
5 9 15.895356
5 6 40.754812
6 13 23.852887
7 16 17.064262
7 15 44.171175
7 13 32.474142
7 12 24.537712
8 17 40.158680
9 16 1.720970
11 17 37.132394
11 16 36.543894
11 12 45.994655
12 13 14.071149
13 17 25.028001
13 16 32.627772
13 15 36.217556
15 17 31.552216
15 16 19.129649
