18 32 1 42555 278 0
49.620619
16.605184
5.494669
37.807641
6.558356
27.062343
15.304686
39.609258
30.039211
10.889797
29.173028
44.027716
34.467674
28.891263
7.447841
33.580071
27.142914
36.889232
0 7 5.220519
0 2 37.340136
1 17 23.358883
1 7 14.322487
2 16 9.889772
2 14 11.471512
2 10 1.135681
2 9 5.127142
3 16 48.899773
3 8 33.692693
4 9 1.294756
4 7 25.094256
5 17 7.759620
5 10 9.359046
5 9 43.142002
5 6 2.096692
6 13 12.309060
7 16 12.867258
7 15 48.681707
7 13 3.229503
7 12 33.779133
8 17 47.093436
9 16 25.793147
11 17 41.545164
11 16 13.906076
11 12 38.897378
12 13 38.969761
13 17 45.668616
13 16 23.553564
13 15 11.936842
15 17 41.529622
15 16 15.058086
