19 44 1 44140 602 0
13.853822
42.545452
16.295529
30.629169
42.221595
8.815041
41.171117
49.846224
35.394754
44.441792
23.048402
13.386209
24.805823
33.110229
27.763080
38.088832
7.576264
35.118797
38.695025
0 14 39.236484
0 12 39.998635
0 6 46.851569
0 3 11.110581
0 2 16.180951
1 18 32.819888
1 17 33.516502
1 7 42.540257
1 6 17.586935
1 5 5.316788
2 18 36.750051
2 16 40.481562
2 13 24.564403
2 10 27.899340
3 18 31.168054
3 14 1.348260
3 13 44.191990
3 9 21.311404
3 6 28.584695
4 18 8.872144
4 10 2.084666
4 7 21.010373
5 18 17.057372
5 12 49.746840
5 10 14.905927
6 17 2.077467
6 15 4.822208
6 13 1.792238
6 10 16.150819
7 18 42.039846
7 9 42.709716
7 8 17.723411
8 17 34.735001
8 15 27.945266
9 18 21.456800
9 11 8.085341
10 16 28.509441
11 18 9.142634
13 16 42.646344
14 18 30.211121
14 16 13.953101
14 15 9.208248
15 18 24.847616
17 18 48.161921
