19 44 1 4257 1154 0
7.436323
19.187187
12.851964
37.495158
32.559136
1.680745
44.918868
22.552146
24.782630
39.051625
5.989129
43.210545
12.171882
39.102928
2.324717
13.738002
9.913951
30.368928
47.929714
0 14 8.296175
0 12 34.787047
0 6 16.700766
0 3 13.230242
0 2 18.288497
1 18 49.404125
1 17 36.360495
1 7 18.940668
1 6 1.150448
1 5 18.774520
2 18 45.404043
2 16 29.691724
2 13 19.998027
2 10 40.939304
3 18 28.708603
3 14 31.665743
3 13 35.252893
3 9 33.934586
3 6 36.503795
4 18 46.388944
4 10 26.088999
4 7 10.880996
5 18 14.384382
5 12 36.305146
5 10 0.443076
6 17 39.237424
6 15 12.905811
6 13 34.461706
6 10 37.723800
7 18 16.639867
7 9 46.709243
7 8 3.437180
8 17 14.758400
8 15 33.915794
9 18 34.536593
9 11 6.054488
10 16 26.097807
11 18 23.075085
13 16 46.757147
14 18 6.017019
14 16 14.459896
14 15 43.047342
15 18 14.183591
17 18 10.269545
