17 35 1 44775 113 0
48.880229
2.278169
26.157823
12.092328
32.492669
46.434456
12.799690
43.281051
44.854747
10.903766
27.363828
35.821998
48.528894
12.255044
13.701539
42.608546
23.290041
0 13 45.465727
0 11 42.132823
0 6 15.918022
0 3 38.711854
0 2 44.588136
1 3 27.580533
1 2 33.624147
2 16 26.242304
2 12 2.251295
2 4 18.394984
3 15 1.134323
3 13 43.540498
3 11 39.039863
3 7 10.566983
3 4 43.064035
4 16 24.584949
4 12 9.401685
4 11 48.900312
5 13 15.962948
6 14 4.379698
6 11 31.417621
7 13 37.913159
7 10 8.053703
7 8 0.944084
8 13 2.490096
8 12 8.990749
8 10 31.015103
9 16 15.662508
9 13 31.893743
9 10 21.349873
10 13 29.405020
11 13 13.487539
12 16 12.652593
12 14 14.126412
15 16 0.000016
