19 44 1 51050 315 0
4.826784
19.679414
38.154194
22.201084
1.467345
12.082099
30.816303
35.843724
39.031457
24.767687
3.934326
32.034691
44.657908
26.507245
47.728107
46.750066
32.178747
30.437882
26.460492
0 14 7.173885
0 12 24.337925
0 6 41.887921
0 3 42.363152
0 2 13.408765
1 18 10.975892
1 17 16.768678
1 7 29.946664
1 6 32.122651
1 5 19.786065
2 18 31.060220
2 16 21.900701
2 13 39.211659
2 10 10.823019
3 18 30.586692
3 14 12.422218
3 13 31.375718
3 9 49.257470
3 6 35.531510
4 18 7.646950
4 10 3.562516
4 7 40.732745
5 18 49.278148
5 12 9.300956
5 10 12.708172
6 17 49.367174
6 15 23.640771
6 13 6.863304
6 10 19.675820
7 18 48.814157
7 9 8.947223
7 8 38.023089
8 17 47.996518
8 15 13.586580
9 18 28.901181
9 11 32.468304
10 16 39.856372
11 18 2.794890
13 16 43.880458
14 18 20.535319
14 16 41.182866
14 15 0.357022
15 18 41.170367
17 18 27.676068
