16 27 1 43145 135 0
14.614666
17.317933
11.334912
28.189631
23.869654
4.637414
27.379943
15.565912
46.196158
10.767946
44.103871
40.607747
21.100394
12.998659
20.478589
6.583363
0 6 34.203863
0 4 23.494114
0 2 35.315415
1 13 22.673990
1 11 21.190717
3 12 42.060905
3 10 18.053948
3 6 4.490960
3 5 47.543112
4 15 10.858245
4 12 20.463286
4 7 36.978678
4 6 49.006133
5 11 7.267190
5 10 44.081208
5 9 26.689890
6 14 6.778330
6 12 45.083829
6 11 37.585468
7 14 36.751176
8 15 18.671911
8 14 31.578572
8 12 9.037260
10 15 19.394473
10 13 1.895404
10 12 27.993138
11 12 18.490905
