19 44 1 42977 44 0
6.952215
44.747228
40.312682
20.656097
2.986285
42.348445
5.950292
24.138311
6.194784
22.997208
10.027484
25.260970
4.058118
20.410150
35.634191
47.073254
32.273355
34.046510
38.867668
0 14 41.341389
0 12 0.922028
0 6 43.627802
0 3 11.005371
0 2 44.792079
1 18 24.952712
1 17 41.056835
1 7 18.325129
1 6 22.686225
1 5 17.663224
2 18 16.868357
2 16 6.852020
2 13 44.718550
2 10 27.763518
3 18 9.535524
3 14 30.659473
3 13 30.189782
3 9 23.558867
3 6 20.174384
4 18 3.038512
4 10 18.668858
4 7 42.978911
5 18 47.691165
5 12 21.438625
5 10 21.977613
6 17 17.201926
6 15 29.762282
6 13 30.975298
6 10 1.316116
7 18 16.272636
7 9 20.548844
7 8 11.728554
8 17 28.513609
8 15 24.556210
9 18 19.851658
9 11 13.654457
10 16 5.585946
11 18 48.246210
13 16 17.937407
14 18 23.654501
14 16 8.786685
14 15 28.760990
15 18 14.910374
17 18 13.029799
