15 34 1 50437 189 0
5.383195
30.587940
3.462221
16.887120
18.884326
45.403593
28.966831
24.885436
26.162631
3.523667
25.375519
2.171005
7.219969
28.607662
22.914551
0 10 44.806642
0 9 48.939074
0 8 26.104004
0 4 20.649537
1 10 25.233081
1 9 24.117305
1 8 30.632066
1 5 35.671707
1 4 39.948923
1 3 17.684603
2 14 35.143972
2 12 35.802875
2 9 39.250827
2 7 35.404927
3 9 46.546511
3 6 14.336383
3 5 14.720929
4 13 8.853457
4 11 42.656009
4 10 8.289604
4 6 8.510529
5 8 19.346630
5 7 16.972638
6 9 3.364977
7 14 21.277983
7 12 13.757605
7 10 34.137775
8 12 16.451363
8 9 38.887021
9 13 14.810434
9 11 15.868879
10 11 26.786686
12 14 42.422274
13 14 21.414741
