17 35 1 44314 313 0
23.152958
1.694928
41.552571
36.211251
21.513171
4.818948
49.622356
16.686403
47.431862
36.765207
28.948696
25.809184
32.378502
7.457811
39.075707
34.956529
37.731675
0 13 44.228174
0 11 11.435073
0 6 36.654842
0 3 13.287345
0 2 36.442872
1 3 23.878009
1 2 4.696816
2 16 26.941169
2 12 33.850582
2 4 27.904915
3 15 12.774777
3 13 36.101392
3 11 23.540014
3 7 31.918486
3 4 0.986283
4 16 18.729501
4 12 8.804829
4 11 45.531532
5 13 39.240126
6 14 0.904997
6 11 36.786581
7 13 29.471210
7 10 17.081016
7 8 47.875141
8 13 19.564799
8 12 39.601127
8 10 20.371374
9 16 31.879560
9 13 37.613095
9 10 24.909214
10 13 30.673061
11 13 33.813834
12 16 23.803288
12 14 34.937560
15 16 38.164244
