16 27 1 45962 1037 0
46.452933
8.286916
28.397606
10.612561
42.855860
39.965326
0.121916
22.158057
1.382336
9.952284
24.033395
49.360261
17.336477
0.739003
23.842079
27.153856
0 6 42.630599
0 4 24.529072
0 2 28.894852
1 13 7.558344
1 11 25.607695
3 12 48.837159
3 10 34.229517
3 6 39.090020
3 5 13.399116
4 15 41.295012
4 12 7.452952
4 7 28.413034
4 6 1.369212
5 11 8.195549
5 10 3.185432
5 9 45.859545
6 14 31.542905
6 12 23.993749
6 11 33.828773
7 14 29.420695
8 15 18.439667
8 14 32.805022
8 12 33.370053
10 15 33.351634
10 13 39.382668
10 12 3.024146
11 12 16.063574
