15 34 1 45138 280 0
4.871222
14.594910
45.057382
26.001589
42.559820
39.838049
0.934434
0.812251
4.603153
44.933849
0.712651
8.247620
8.069632
0.422713
35.485011
0 10 5.663373
0 9 17.450657
0 8 9.315586
0 4 47.050922
1 10 36.554991
1 9 47.033834
1 8 45.737691
1 5 41.852925
1 4 32.771735
1 3 36.572281
2 14 49.007655
2 12 9.707758
2 9 31.013484
2 7 0.532557
3 9 12.711239
3 6 24.746115
3 5 19.883638
4 13 11.799464
4 11 48.314094
4 10 48.322263
4 6 36.949365
5 8 48.214740
5 7 23.256610
6 9 24.201956
7 14 46.515500
7 12 14.801670
7 10 37.184568
8 12 45.343061
8 9 29.151035
9 13 7.459156
9 11 46.830888
10 11 10.236887
12 14 24.402043
13 14 45.913749
