18 32 1 42955 263 0
5.981423
12.713392
15.846504
46.218445
45.005058
41.588448
39.904249
49.501177
1.831183
29.625762
42.208017
22.537936
22.564934
9.099624
15.457397
3.449479
19.693041
1.362051
0 7 4.459132
0 2 8.602578
1 17 44.761468
1 7 27.971621
2 16 22.543735
2 14 1.475981
2 10 8.700821
2 9 14.792293
3 16 3.675849
3 8 16.135773
4 9 9.298528
4 7 23.205859
5 17 40.504891
5 10 10.606169
5 9 49.220273
5 6 7.324339
6 13 33.440033
7 16 28.025699
7 15 8.719892
7 13 9.489629
7 12 43.293998
8 17 33.342527
9 16 18.423014
11 17 26.542145
11 16 7.932171
11 12 15.678961
12 13 10.644873
13 17 18.737243
13 16 34.655613
13 15 7.112053
15 17 9.642622
15 16 37.555291
