19 44 1 47537 172 0
13.047454
10.615990
31.825013
31.646765
45.559551
45.167019
11.738025
31.544984
30.152527
31.065643
9.432569
23.276022
35.486958
34.571791
15.641819
47.931987
40.767349
31.867208
16.050381
0 14 11.276550
0 12 46.052815
0 6 17.900158
0 3 34.529875
0 2 34.841792
1 18 26.192556
1 17 0.560591
1 7 24.248648
1 6 32.368097
1 5 43.945381
2 18 49.568194
2 16 23.345649
2 13 10.497982
2 10 38.486035
3 18 48.684789
3 14 24.480350
3 13 47.644133
3 9 1.643211
3 6 9.187784
4 18 6.320232
4 10 23.686223
4 7 36.453211
5 18 19.321333
5 12 6.454171
5 10 30.117526
6 17 15.602510
6 15 25.410576
6 13 2.529936
6 10 46.865599
7 18 44.338526
7 9 11.369214
7 8 5.511727
8 17 39.352041
8 15 24.557638
9 18 43.328024
9 11 42.569401
10 16 13.390658
11 18 41.261062
13 16 39.724471
14 18 34.401421
14 16 48.114785
14 15 49.527718
15 18 38.952091
17 18 9.433918
