15 34 1 5354 188 0
29.290969
19.337672
38.457986
24.288816
19.427298
41.659746
6.605575
10.799876
29.885634
15.686857
20.158662
26.031945
5.049143
7.830530
27.618238
0 10 40.975089
0 9 38.780266
0 8 27.715953
0 4 10.148806
1 10 23.304145
1 9 30.544787
1 8 36.512066
1 5 6.089631
1 4 12.514706
1 3 12.438107
2 14 44.854600
2 12 43.409098
2 9 33.983487
2 7 25.813137
3 9 14.145097
3 6 37.633670
3 5 40.894966
4 13 29.700107
4 11 5.408002
4 10 13.468299
4 6 40.102165
5 8 0.474006
5 7 27.236824
6 9 0.594352
7 14 31.990939
7 12 26.555052
7 10 17.130313
8 12 32.500015
8 9 29.060104
9 13 11.129233
9 11 41.956820
10 11 48.325388
12 14 25.176839
13 14 1.462706
