16 27 1 5183 192 0
1.812124
6.842054
8.664636
37.145274
8.534505
5.481014
1.588679
30.727762
28.552430
11.985776
26.813071
1.903915
17.436103
20.053422
34.011915
28.279039
0 6 42.525073
0 4 24.792353
0 2 9.773930
1 13 49.439021
1 11 33.212727
3 12 42.371795
3 10 29.673468
3 6 0.011496
3 5 33.224428
4 15 18.630866
4 12 14.157146
4 7 22.486694
4 6 32.205322
5 11 44.613491
5 10 19.353187
5 9 27.920463
6 14 33.676110
6 12 13.530420
6 11 4.697797
7 14 26.171953
8 15 40.707358
8 14 14.020049
8 12 44.926121
10 15 1.866419
10 13 22.707677
10 12 19.909482
11 12 40.716831
