15 34 1 45912 192 0
27.909084
15.024769
8.523984
30.231835
17.407316
21.871274
47.610085
33.444964
27.685814
30.069272
37.520037
30.039923
25.946058
8.770024
6.241269
0 10 20.678827
0 9 30.783867
0 8 15.611598
0 4 5.033620
1 10 40.187467
1 9 25.733768
1 8 45.928433
1 5 47.883712
1 4 17.623184
1 3 49.583358
2 14 30.315797
2 12 45.465104
2 9 49.140447
2 7 1.280797
3 9 1.480434
3 6 35.421639
3 5 47.057992
4 13 41.142000
4 11 39.159099
4 10 3.029507
4 6 25.121370
5 8 43.177471
5 7 18.477374
6 9 12.109178
7 14 3.969664
7 12 33.955577
7 10 33.147169
8 12 48.046221
8 9 4.955056
9 13 11.467985
9 11 9.377839
10 11 28.594751
12 14 13.095130
13 14 19.105421
