17 35 1 4475 136 0
30.888661
7.872990
49.970026
2.179730
24.489935
0.755796
40.295121
46.237986
35.284771
1.597432
9.277315
36.186068
29.759084
19.257952
2.246014
45.786917
1.595284
0 13 23.389298
0 11 46.940559
0 6 32.939447
0 3 11.933557
0 2 24.695104
1 3 17.316547
1 2 2.342514
2 16 4.784252
2 12 31.625976
2 4 34.705439
3 15 47.259103
3 13 17.666543
3 11 40.220741
3 7 28.615618
3 4 6.098625
4 16 11.073977
4 12 23.917987
4 11 21.521596
5 13 16.574063
6 14 4.447967
6 11 47.767487
7 13 15.164758
7 10 3.420464
7 8 10.325505
8 13 26.912992
8 12 17.428212
8 10 25.974370
9 16 23.028629
9 13 38.947365
9 10 25.673804
10 13 26.046783
11 13 24.533912
12 16 44.762318
12 14 6.822204
15 16 29.510661
