18 32 1 41725 658 0
24.180339
20.614797
40.142681
2.219199
36.311851
19.242105
4.139664
49.268988
24.436542
39.896737
49.348819
4.593337
15.033641
4.299204
15.073102
41.214994
38.947622
34.709822
0 7 49.048006
0 2 9.728203
1 17 32.334701
1 7 4.046837
2 16 20.420088
2 14 14.928883
2 10 12.823950
2 9 4.422713
3 16 41.328421
3 8 22.208735
4 9 40.003553
4 7 35.364821
5 17 1.238615
5 10 43.651576
5 9 41.613456
5 6 1.021540
6 13 0.910315
7 16 45.413788
7 15 43.565888
7 13 27.498801
7 12 33.280456
8 17 47.793893
9 16 31.536905
11 17 49.071036
11 16 42.951171
11 12 18.333411
12 13 17.925049
13 17 22.307095
13 16 4.096694
13 15 35.475382
15 17 48.557869
15 16 36.371612
