18 32 1 49466 119 0
38.597964
11.083217
21.757563
41.872045
39.160750
48.335873
36.345291
12.634058
43.321673
40.423469
1.067433
45.082759
6.176898
8.060046
18.858032
38.404089
19.145115
19.584828
0 7 6.286411
0 2 14.634331
1 17 32.186144
1 7 21.921279
2 16 19.923690
2 14 7.724906
2 10 8.330966
2 9 20.397820
3 16 38.194915
3 8 28.424402
4 9 22.192628
4 7 14.963675
5 17 16.828835
5 10 31.320107
5 9 9.544663
5 6 5.271695
6 13 22.847850
7 16 25.585403
7 15 44.486673
7 13 24.068317
7 12 34.968370
8 17 23.724966
9 16 28.116093
11 17 23.387865
11 16 3.681355
11 12 40.851214
12 13 23.558343
13 17 49.134045
13 16 26.955463
13 15 26.074045
15 17 30.919375
15 16 2.331200
