18 32 1 44540 550 0
9.344776
1.437442
15.360484
9.119350
20.128902
0.774071
28.683639
11.235801
12.335283
48.382575
49.702798
15.798251
27.913959
49.079170
6.457696
13.492383
11.026131
15.356772
0 7 25.897595
0 2 0.760220
1 17 27.011353
1 7 15.056439
2 16 33.202700
2 14 42.731256
2 10 34.214021
2 9 1.258545
3 16 11.195381
3 8 0.348577
4 9 32.623247
4 7 38.261596
5 17 28.482111
5 10 31.405216
5 9 29.667938
5 6 0.296579
6 13 38.435956
7 16 0.390520
7 15 39.485501
7 13 21.128924
7 12 34.708470
8 17 22.509304
9 16 15.936211
11 17 18.496996
11 16 45.155295
11 12 17.010612
12 13 31.529433
13 17 10.104588
13 16 21.447762
13 15 44.951350
15 17 33.941150
15 16 6.681233
