19 44 1 527 111 0
48.300324
45.761599
25.743252
2.642896
48.261280
44.634829
6.446654
37.560824
1.459260
38.197091
10.515768
43.996919
39.263251
8.869278
41.584040
32.656314
21.081256
7.625583
29.625771
0 14 35.475624
0 12 6.282771
0 6 7.112347
0 3 1.743437
0 2 19.267642
1 18 34.383189
1 17 11.815296
1 7 21.367383
1 6 28.406067
1 5 20.904846
2 18 17.461471
2 16 26.482659
2 13 48.365188
2 10 3.042430
3 18 6.433192
3 14 10.647273
3 13 18.374757
3 9 4.268291
3 6 35.590377
4 18 19.896816
4 10 19.526700
4 7 0.482150
5 18 34.424793
5 12 45.800187
5 10 37.851745
6 17 28.797751
6 15 25.806970
6 13 16.771606
6 10 40.632346
7 18 5.193660
7 9 30.482050
7 8 38.974354
8 17 32.770976
8 15 24.343911
9 18 49.254374
9 11 23.219373
10 16 48.520733
11 18 0.123069
13 16 45.551055
14 18 45.776386
14 16 12.628288
14 15 38.716015
15 18 29.854546
17 18 12.607416
