19 44 1 42544 867 0
40.226454
8.817544
37.637055
34.737358
28.169659
49.451777
13.500165
38.398604
18.122191
46.595945
45.456076
37.774036
49.288235
6.841988
49.025863
5.293081
41.960830
7.914622
2.947016
0 14 10.738565
0 12 26.472959
0 6 1.950319
0 3 41.117556
0 2 28.778044
1 18 29.602441
1 17 3.641595
1 7 47.541754
1 6 16.589644
1 5 1.879118
2 18 15.115722
2 16 0.444324
2 13 47.763298
2 10 1.915621
3 18 49.247142
3 14 6.003394
3 13 8.668981
3 9 1.980173
3 6 39.310023
4 18 31.409194
4 10 6.512869
4 7 27.992766
5 18 49.431621
5 12 48.533417
5 10 22.528050
6 17 21.009514
6 15 48.887597
6 13 40.533530
6 10 28.740150
7 18 49.707274
7 9 2.279394
7 8 37.972999
8 17 38.187022
8 15 21.567674
9 18 33.050901
9 11 45.585111
10 16 13.988504
11 18 49.718235
13 16 49.112397
14 18 29.441391
14 16 48.664186
14 15 9.284219
15 18 21.904743
17 18 44.202678
