16 27 1 43842 1156 0
31.085036
1.705219
33.399384
16.813195
25.665842
37.446620
21.720354
43.577558
17.193279
46.468094
24.293273
48.063348
41.407133
17.990196
21.383645
0.830298
0 6 33.251549
0 4 3.659852
0 2 2.957925
1 13 3.164147
1 11 42.548272
3 12 8.017412
3 10 39.061160
3 6 11.848131
3 5 14.671399
4 15 36.959391
4 12 32.694135
4 7 33.914799
4 6 5.147839
5 11 47.950762
5 10 26.198269
5 9 47.385269
6 14 10.240388
6 12 15.009101
6 11 38.979852
7 14 49.429555
8 15 37.214643
8 14 36.370242
8 12 20.413148
10 15 46.421999
10 13 43.465888
10 12 25.421788
11 12 42.061135
