16 27 1 51016 144 0
11.251681
4.635459
19.412470
20.865949
12.587429
1.224377
14.096717
45.651400
23.523959
34.175896
20.730807
34.980586
17.238424
24.168382
46.507427
39.642317
0 6 43.603886
0 4 7.848175
0 2 39.153232
1 13 15.624624
1 11 23.779183
3 12 17.840263
3 10 33.497107
3 6 14.953854
3 5 9.894403
4 15 15.614737
4 12 35.590701
4 7 18.133232
4 6 13.887351
5 11 44.095246
5 10 13.032421
5 9 20.768092
6 14 6.263099
6 12 44.326176
6 11 36.225052
7 14 40.548739
8 15 15.129010
8 14 47.215380
8 12 13.647947
10 15 43.374905
10 13 46.535558
10 12 46.024183
11 12 38.701097
