16 27 1 41787 382 0
4.898841
18.588525
25.938163
33.389357
25.061169
13.100085
29.158238
24.579120
24.333938
3.041445
41.865896
30.147756
17.041203
24.334886
5.759839
25.693950
0 6 29.048783
0 4 46.214892
0 2 41.121021
1 13 39.381570
1 11 12.631641
3 12 21.734153
3 10 18.368229
3 6 46.721392
3 5 13.604053
4 15 6.656427
4 12 35.759641
4 7 13.244343
4 6 38.856110
5 11 40.241334
5 10 29.445125
5 9 31.591263
6 14 10.805055
6 12 38.428919
6 11 23.287468
7 14 49.730311
8 15 15.054946
8 14 24.998454
8 12 16.479992
10 15 6.690245
10 13 44.379403
10 12 18.749268
11 12 49.161338
