15 34 1 42111 1209 0
23.122461
9.306603
0.108900
37.268201
44.660635
40.661790
22.068394
41.431300
10.358000
30.947061
12.663567
4.696091
44.075653
4.159094
2.304897
0 10 34.406120
0 9 8.586933
0 8 8.458908
0 4 17.868269
1 10 5.819810
1 9 0.039232
1 8 39.301062
1 5 42.369674
1 4 23.348133
1 3 27.185240
2 14 46.336912
2 12 32.684729
2 9 28.205030
2 7 0.431779
3 9 7.707443
3 6 35.206018
3 5 28.574142
4 13 11.924515
4 11 27.525121
4 10 7.114251
4 6 24.080466
5 8 21.267118
5 7 7.379156
6 9 40.457867
7 14 15.313069
7 12 41.343622
7 10 35.490137
8 12 49.418193
8 9 37.660140
9 13 46.596288
9 11 4.440844
10 11 37.481145
12 14 25.595257
13 14 20.048036
