18 32 1 45450 929 0
10.269115
11.361246
22.029257
31.856310
25.209529
31.230634
38.436627
5.092340
23.032832
36.645658
27.740917
45.404139
27.079899
49.153496
15.544021
19.614099
36.646608
24.386834
0 7 16.599427
0 2 35.687626
1 17 4.722701
1 7 46.962473
2 16 30.483075
2 14 37.833413
2 10 43.366705
2 9 49.636243
3 16 29.958839
3 8 46.626597
4 9 29.938112
4 7 5.041124
5 17 15.063568
5 10 6.832525
5 9 1.735122
5 6 4.994424
6 13 7.705890
7 16 29.009570
7 15 18.233657
7 13 3.286562
7 12 46.485187
8 17 36.991729
9 16 39.222504
11 17 5.247855
11 16 11.473743
11 12 37.576808
12 13 21.533882
13 17 49.090885
13 16 24.738955
13 15 17.205039
15 17 49.402544
15 16 44.808625
