19 44 1 50750 307 0
38.565368
40.331771
27.698277
24.283843
28.308876
25.070831
19.109091
32.968104
36.099634
6.963605
37.809992
6.368268
43.475917
11.795574
19.291623
36.428746
13.542822
7.545786
16.951532
0 14 40.714382
0 12 31.064276
0 6 1.196788
0 3 19.707740
0 2 13.134348
1 18 43.495767
1 17 1.692718
1 7 13.448042
1 6 12.136415
1 5 45.085652
2 18 24.618507
2 16 32.914511
2 13 45.525174
2 10 0.278399
3 18 8.252907
3 14 48.905451
3 13 19.804484
3 9 40.982369
3 6 6.439905
4 18 37.446405
4 10 23.817459
4 7 5.324019
5 18 14.769711
5 12 1.486738
5 10 7.290935
6 17 22.010645
6 15 48.621646
6 13 12.896217
6 10 49.635241
7 18 26.100739
7 9 20.998800
7 8 6.855436
8 17 4.975916
8 15 11.804557
9 18 8.527915
9 11 30.990075
10 16 30.193135
11 18 7.855551
13 16 5.086154
14 18 21.868972
14 16 5.914678
14 15 44.286531
15 18 48.804773
17 18 48.683144
