18 32 1 47280 49 0
12.470353
43.692760
24.770803
39.300697
21.686010
0.333431
1.074387
34.585101
33.865140
12.221664
1.158852
27.910256
9.157920
33.315679
16.651804
43.318784
20.705521
25.664459
0 7 0.691498
0 2 24.121097
1 17 41.354227
1 7 47.259800
2 16 27.179202
2 14 13.507249
2 10 11.066030
2 9 16.120765
3 16 15.278299
3 8 36.170265
4 9 22.391877
4 7 28.574349
5 17 47.945660
5 10 6.866407
5 9 31.051053
5 6 40.261923
6 13 27.289452
7 16 15.918299
7 15 10.962391
7 13 31.000200
7 12 28.246722
8 17 10.569599
9 16 20.485052
11 17 25.149586
11 16 14.497139
11 12 2.116036
12 13 31.355255
13 17 10.439745
13 16 18.422654
13 15 43.898379
15 17 44.878080
15 16 31.216258
