17 35 1 45950 672 0
12.348254
33.950364
6.966012
4.176042
10.301088
12.176184
0.957710
44.971286
27.839888
36.711627
27.232813
2.257129
39.942976
4.879360
40.355718
24.677489
35.124652
0 13 28.469536
0 11 3.978031
0 6 6.972135
0 3 6.115096
0 2 12.336868
1 3 36.654682
1 2 31.098275
2 16 44.715537
2 12 32.557069
2 4 25.349727
3 15 49.849289
3 13 22.573141
3 11 47.553826
3 7 26.503892
3 4 15.185988
4 16 37.557837
4 12 3.726376
4 11 43.833507
5 13 23.256454
6 14 39.766137
6 11 18.012715
7 13 17.960604
7 10 2.011876
7 8 14.159628
8 13 11.567720
8 12 29.302197
8 10 9.830368
9 16 47.977925
9 13 26.705608
9 10 9.817379
10 13 25.663199
11 13 35.547119
12 16 38.911084
12 14 40.088085
15 16 29.329229
