16 27 1 48325 422 0
22.682942
5.616997
17.411469
28.905440
1.249835
15.599166
16.015217
20.589119
38.744882
6.283915
2.239308
22.985547
39.691167
1.241977
22.159577
1.412740
0 6 35.233060
0 4 28.410899
0 2 41.702865
1 13 5.852838
1 11 30.127812
3 12 49.724181
3 10 37.958209
3 6 24.612966
3 5 26.826485
4 15 39.546592
4 12 7.623600
4 7 48.665438
4 6 11.845724
5 11 19.354029
5 10 2.146723
5 9 2.949630
6 14 27.943986
6 12 1.188854
6 11 7.513419
7 14 32.333270
8 15 22.791233
8 14 45.172766
8 12 3.266939
10 15 21.390594
10 13 11.810166
10 12 8.169744
11 12 16.498996
