19 44 1 45115 770 0
19.309776
8.743158
9.414577
22.039841
31.438202
42.279284
27.790641
22.731938
34.388923
17.537199
4.674249
31.401560
12.289685
38.184274
1.215464
45.673987
26.011356
48.815339
22.706234
0 14 36.405482
0 12 31.115924
0 6 42.163874
0 3 5.997549
0 2 32.073716
1 18 19.080875
1 17 9.772220
1 7 44.031602
1 6 9.262235
1 5 9.602702
2 18 20.699809
2 16 36.668422
2 13 39.429585
2 10 3.316833
3 18 0.864052
3 14 7.809807
3 13 39.640991
3 9 48.230294
3 6 27.121779
4 18 40.171941
4 10 44.690287
4 7 43.812521
5 18 37.076849
5 12 36.274568
5 10 24.155009
6 17 28.333258
6 15 23.017171
6 13 46.956188
6 10 39.854376
7 18 47.550328
7 9 2.405193
7 8 27.987961
8 17 44.285866
8 15 23.851049
9 18 30.446099
9 11 30.603140
10 16 23.275806
11 18 29.598894
13 16 12.259784
14 18 6.691740
14 16 11.750732
14 15 31.269611
15 18 0.026678
17 18 47.214658
