17 35 1 46860 1250 0
22.213106
31.720616
28.035624
22.070710
7.978298
36.309318
22.419820
2.866007
42.792340
6.611909
44.343499
32.985707
17.657739
11.361110
8.519865
48.065569
44.487301
0 13 40.835232
0 11 15.540778
0 6 45.058722
0 3 48.816825
0 2 39.970369
1 3 20.466810
1 2 3.351914
2 16 49.553217
2 12 31.521912
2 4 43.050829
3 15 44.043747
3 13 10.623569
3 11 40.260336
3 7 18.313394
3 4 2.129142
4 16 46.108747
4 12 29.622735
4 11 2.947925
5 13 28.355758
6 14 19.683685
6 11 1.018382
7 13 45.666238
7 10 43.636784
7 8 39.442827
8 13 16.843380
8 12 42.989926
8 10 28.410491
9 16 11.542782
9 13 47.222772
9 10 20.292273
10 13 46.235139
11 13 42.316288
12 16 28.050544
12 14 0.539332
15 16 47.028961
