18 32 1 48471 710 0
4.737200
28.981893
22.031603
35.342325
49.121138
7.802900
14.149060
38.865392
47.944252
46.275989
0.538818
44.939690
38.736415
4.707459
31.523776
1.842484
6.388653
14.231597
0 7 14.350361
0 2 46.386468
1 17 16.069911
1 7 36.635601
2 16 49.822080
2 14 36.448378
2 10 29.659597
2 9 40.885404
3 16 26.527903
3 8 9.494100
4 9 28.871934
4 7 36.952952
5 17 2.378042
5 10 34.118211
5 9 27.531852
5 6 48.133415
6 13 2.908598
7 16 23.739694
7 15 17.088711
7 13 14.931182
7 12 9.432084
8 17 28.814302
9 16 42.565137
11 17 40.782881
11 16 9.706247
11 12 9.770003
12 13 7.715333
13 17 17.988934
13 16 22.412323
13 15 43.995193
15 17 42.614010
15 16 41.826388
