18 32 1 5650 319 0
6.432665
9.477859
10.344325
33.871887
47.597055
13.256548
44.943247
5.609028
10.587627
35.818217
5.954391
29.771186
27.713038
30.841824
33.779067
45.688027
19.723817
10.851989
0 7 34.810000
0 2 0.144638
1 17 40.069331
1 7 13.808839
2 16 40.633085
2 14 30.849427
2 10 42.904115
2 9 26.496164
3 16 21.153979
3 8 16.504987
4 9 29.702248
4 7 1.915443
5 17 6.863800
5 10 16.498463
5 9 25.316508
5 6 1.494857
6 13 35.388465
7 16 45.924620
7 15 23.327664
7 13 21.324622
7 12 7.823437
8 17 30.979054
9 16 39.456140
11 17 3.975991
11 16 31.568438
11 12 26.707344
12 13 47.573592
13 17 46.927323
13 16 8.251268
13 15 45.080260
15 17 49.648066
15 16 43.694284
