19 44 1 44420 10 0
46.075603
35.118306
19.500617
33.147798
0.192779
17.886835
23.246145
37.281776
47.675497
29.224075
16.298023
43.053749
22.817265
25.874882
17.931280
46.600637
13.223063
6.861965
6.964771
0 14 5.252670
0 12 7.878583
0 6 32.423063
0 3 1.855748
0 2 29.345721
1 18 8.903967
1 17 28.328785
1 7 43.760848
1 6 44.215052
1 5 34.722728
2 18 9.323181
2 16 47.794850
2 13 36.764068
2 10 20.308210
3 18 36.892795
3 14 40.329476
3 13 48.200106
3 9 24.583759
3 6 22.139521
4 18 40.565766
4 10 8.692689
4 7 25.745473
5 18 43.492005
5 12 48.498057
5 10 31.154005
6 17 19.203884
6 15 47.167588
6 13 42.854116
6 10 40.668466
7 18 17.296360
7 9 40.332501
7 8 19.706725
8 17 5.833897
8 15 19.155775
9 18 20.729991
9 11 29.458659
10 16 9.191273
11 18 16.444154
13 16 24.710454
14 18 40.390334
14 16 48.162996
14 15 46.341645
15 18 26.592953
17 18 29.262239
