17 35 1 48233 529 0
13.240612
45.350389
23.882633
30.526196
42.801905
7.553140
0.388293
39.895030
47.132589
26.399162
9.036573
17.707990
16.437115
17.701484
45.196134
12.594359
46.324992
0 13 1.786499
0 11 25.741504
0 6 9.286312
0 3 30.021852
0 2 25.633755
1 3 40.073847
1 2 49.053035
2 16 31.290808
2 12 17.585914
2 4 37.205329
3 15 12.205297
3 13 22.271643
3 11 36.136931
3 7 5.041575
3 4 35.175767
4 16 0.163407
4 12 9.596515
4 11 5.467246
5 13 24.709386
6 14 4.385181
6 11 17.195871
7 13 18.393336
7 10 38.162310
7 8 10.652330
8 13 11.501149
8 12 30.887278
8 10 24.958018
9 16 12.310905
9 13 43.138554
9 10 14.933365
10 13 34.988414
11 13 15.276586
12 16 41.001683
12 14 13.467755
15 16 6.232930
