16 27 1 4075 847 0
16.132494
33.347697
35.633277
27.187722
29.974687
23.024731
21.135237
22.849464
36.691943
33.394463
9.185187
42.484256
6.569200
32.080015
39.038391
32.520170
0 6 26.970734
0 4 43.804912
0 2 5.221868
1 13 15.030580
1 11 26.972449
3 12 22.194999
3 10 38.263051
3 6 32.419180
3 5 14.714332
4 15 31.583267
4 12 41.077188
4 7 17.538483
4 6 36.112967
5 11 20.253388
5 10 8.803684
5 9 25.202337
6 14 7.711775
6 12 33.477734
6 11 19.957007
7 14 43.152239
8 15 5.471575
8 14 37.847804
8 12 46.713873
10 15 48.130171
10 13 38.319441
10 12 6.117224
11 12 32.431943
