17 35 1 49711 247 0
47.363751
26.049945
41.671691
49.319315
23.313803
7.945247
41.526393
45.775461
34.211023
11.805357
7.688569
15.254493
15.503507
15.428049
36.288621
6.225658
29.519240
0 13 11.776508
0 11 22.025308
0 6 7.012404
0 3 46.021101
0 2 6.818344
1 3 23.180016
1 2 4.880777
2 16 40.390259
2 12 5.529731
2 4 4.244525
3 15 31.235967
3 13 47.686000
3 11 7.708554
3 7 8.544831
3 4 49.229115
4 16 2.655843
4 12 9.798689
4 11 12.984566
5 13 35.508687
6 14 31.145920
6 11 33.378539
7 13 35.353538
7 10 18.183976
7 8 19.190038
8 13 15.453370
8 12 37.188684
8 10 23.454548
9 16 39.730660
9 13 47.815178
9 10 4.299706
10 13 13.045979
11 13 8.049917
12 16 31.636701
12 14 39.655762
15 16 30.040149
