19 44 1 44750 440 0
43.713073
29.740089
11.636996
8.132730
30.235603
25.104628
30.353307
38.955557
20.259034
1.940605
21.958957
22.798226
20.532643
19.511997
29.901655
28.891393
32.222888
34.793526
29.962027
0 14 24.809131
0 12 22.607030
0 6 6.328656
0 3 13.452861
0 2 1.039856
1 18 19.499247
1 17 24.552624
1 7 44.656971
1 6 29.474940
1 5 13.038660
2 18 40.020633
2 16 40.389454
2 13 35.511908
2 10 42.720515
3 18 42.124339
3 14 44.365329
3 13 25.335345
3 9 13.083436
3 6 29.255988
4 18 30.461788
4 10 7.375847
4 7 13.315819
5 18 49.200372
5 12 14.613825
5 10 27.734389
6 17 47.105809
6 15 42.631750
6 13 30.573882
6 10 47.396714
7 18 42.546960
7 9 0.808437
7 8 6.454523
8 17 3.884648
8 15 7.807784
9 18 46.074256
9 11 13.436480
10 16 38.230607
11 18 35.378573
13 16 34.725089
14 18 16.106290
14 16 27.644883
14 15 30.214500
15 18 0.707362
17 18 48.420291
