15 34 1 45333 26 0
3.005275
3.542970
45.175364
16.691304
34.209785
26.536981
43.232352
25.137912
48.988377
4.933003
32.177567
38.509505
41.320059
29.154287
39.281213
0 10 19.537225
0 9 49.028347
0 8 33.428725
0 4 31.520026
1 10 2.517645
1 9 2.147765
1 8 30.231264
1 5 0.102317
1 4 17.585297
1 3 22.756143
2 14 37.855073
2 12 27.508953
2 9 48.281501
2 7 45.170552
3 9 23.762014
3 6 26.072219
3 5 43.939994
4 13 35.486140
4 11 13.081006
4 10 13.728545
4 6 16.716856
5 8 18.297123
5 7 30.456332
6 9 24.528899
7 14 22.044728
7 12 32.318229
7 10 46.578165
8 12 22.892785
8 9 42.269137
9 13 31.650672
9 11 42.388175
10 11 9.330391
12 14 32.823457
13 14 13.696887
