16 27 1 47785 284 0
16.073865
38.876126
2.307647
0.191230
8.003434
39.326421
18.480929
36.447411
11.341772
31.493072
9.395087
41.919077
2.199407
27.652234
14.660064
31.627273
0 6 9.091710
0 4 9.775644
0 2 49.595338
1 13 29.946572
1 11 10.838787
3 12 20.675515
3 10 3.992709
3 6 36.497044
3 5 37.833383
4 15 20.257803
4 12 28.131111
4 7 32.284228
4 6 20.231803
5 11 31.391960
5 10 19.331548
5 9 4.058484
6 14 47.039269
6 12 31.688471
6 11 25.608561
7 14 42.427485
8 15 33.911721
8 14 4.698303
8 12 12.060256
10 15 7.971003
10 13 30.000036
10 12 45.730455
11 12 16.967537
