16 27 1 47083 158 0
44.854330
47.753731
9.325793
24.876957
42.682815
23.271724
41.468528
8.038564
18.737533
23.046269
8.974183
13.195503
48.117607
12.804287
28.809399
28.988304
0 6 1.941641
0 4 9.792982
0 2 32.481462
1 13 37.721667
1 11 41.430528
3 12 13.414807
3 10 48.942247
3 6 39.656982
3 5 47.586435
4 15 18.673535
4 12 22.254499
4 7 48.307813
4 6 33.188332
5 11 4.187534
5 10 20.086284
5 9 10.294243
6 14 16.655813
6 12 6.468490
6 11 1.347862
7 14 12.456971
8 15 20.039910
8 14 8.652089
8 12 25.704482
10 15 12.778734
10 13 47.291846
10 12 13.560167
11 12 41.594331
