15 34 1 44875 204 0
32.388562
17.448445
49.609067
20.684973
11.284063
48.947739
1.968532
39.811334
26.773745
16.315053
42.264310
41.634906
48.925896
28.448224
17.276658
0 10 25.454712
0 9 4.497146
0 8 21.841009
0 4 34.421494
1 10 20.032538
1 9 7.262450
1 8 48.548695
1 5 43.011213
1 4 8.396517
1 3 45.826977
2 14 21.743721
2 12 31.050023
2 9 21.548461
2 7 3.819365
3 9 46.290972
3 6 30.460025
3 5 37.426741
4 13 20.668889
4 11 38.992128
4 10 44.033243
4 6 20.656504
5 8 18.798291
5 7 27.303648
6 9 15.423109
7 14 22.269162
7 12 14.781656
7 10 6.024801
8 12 5.567938
8 9 43.196755
9 13 40.756629
9 11 41.654892
10 11 11.233412
12 14 6.173825
13 14 38.349383
