19 44 1 50012 551 0
44.409061
0.104222
2.381057
48.082719
36.496228
26.252397
22.306479
7.353281
5.361132
3.717477
31.924792
32.819901
33.189295
9.986586
35.484067
10.079954
32.560390
10.910549
37.172732
0 14 21.208957
0 12 24.595080
0 6 17.763975
0 3 30.131075
0 2 28.560133
1 18 16.202431
1 17 35.700282
1 7 14.268818
1 6 2.802881
1 5 6.089480
2 18 45.882347
2 16 42.080954
2 13 42.996252
2 10 14.186315
3 18 34.627930
3 14 40.248939
3 13 1.341931
3 9 16.628381
3 6 35.037340
4 18 18.729575
4 10 38.050678
4 7 25.485234
5 18 1.238660
5 12 7.533961
5 10 30.275267
6 17 14.197703
6 15 23.430398
6 13 4.859863
6 10 8.346198
7 18 19.502856
7 9 44.143043
7 8 48.811015
8 17 24.595814
8 15 14.590879
9 18 12.198853
9 11 23.230627
10 16 18.252460
11 18 24.000491
13 16 38.469914
14 18 23.532661
14 16 45.157893
14 15 44.902796
15 18 44.009022
17 18 35.014941
