15 34 1 49240 584 0
2.164159
12.803204
23.875672
5.640901
10.566452
37.574635
24.481326
39.054536
49.056953
27.320934
6.366656
10.265755
44.241112
15.904838
37.688497
0 10 43.583828
0 9 5.107270
0 8 46.844521
0 4 37.174287
1 10 10.806079
1 9 40.413656
1 8 31.172378
1 5 37.154498
1 4 42.509324
1 3 48.728799
2 14 10.524154
2 12 22.631551
2 9 35.360387
2 7 5.945346
3 9 44.193596
3 6 33.314639
3 5 11.240266
4 13 3.980116
4 11 48.446995
4 10 0.200019
4 6 7.613265
5 8 30.861552
5 7 30.958840
6 9 13.638770
7 14 17.973752
7 12 21.618389
7 10 48.671003
8 12 28.076597
8 9 44.202424
9 13 29.657532
9 11 5.872128
10 11 26.173445
12 14 1.394081
13 14 25.197182
