17 35 1 50566 93 0
11.946524
14.616448
38.579306
38.657297
19.547973
6.522199
36.590801
40.720322
13.273196
16.389438
28.803393
34.755469
12.852041
44.082529
38.178864
38.322923
5.668845
0 13 27.192550
0 11 18.197528
0 6 11.042239
0 3 19.989069
0 2 34.740175
1 3 22.602760
1 2 26.514661
2 16 4.636537
2 12 33.956389
2 4 10.679082
3 15 29.884635
3 13 3.751784
3 11 30.202797
3 7 9.126114
3 4 26.686116
4 16 29.954171
4 12 0.628867
4 11 2.174960
5 13 35.406835
6 14 20.785763
6 11 7.165591
7 13 12.837024
7 10 38.765605
7 8 24.811361
8 13 10.767395
8 12 13.200581
8 10 36.889848
9 16 36.926104
9 13 5.459618
9 10 41.377971
10 13 43.501255
11 13 36.024399
12 16 19.483840
12 14 5.801228
15 16 10.363388
