16 27 1 4062 409 0
3.845971
34.592798
10.526334
20.752820
20.774589
23.017739
28.010733
48.784817
19.045365
14.761695
0.215559
39.631723
45.465592
6.980828
16.577514
26.222526
0 6 22.450929
0 4 32.892287
0 2 26.275759
1 13 43.460947
1 11 10.915511
3 12 40.761822
3 10 21.995891
3 6 35.333771
3 5 47.420268
4 15 46.594682
4 12 18.877844
4 7 16.979674
4 6 39.367111
5 11 27.554932
5 10 24.176061
5 9 11.055228
6 14 37.391453
6 12 42.874776
6 11 12.259226
7 14 5.792313
8 15 22.894828
8 14 25.950970
8 12 9.381604
10 15 20.732582
10 13 7.144847
10 12 24.996729
11 12 41.932680
