17 35 1 4822 1044 0
28.097751
2.128779
13.826057
16.063615
12.885940
19.159747
45.851139
12.162095
36.656988
10.653257
49.647157
17.356655
13.628950
48.233800
5.810343
43.942464
6.075597
0 13 30.292174
0 11 14.857507
0 6 41.935900
0 3 4.445115
0 2 19.096491
1 3 25.387566
1 2 2.767180
2 16 37.682518
2 12 28.031293
2 4 17.781899
3 15 49.597273
3 13 33.848027
3 11 29.591151
3 7 23.879479
3 4 7.015025
4 16 33.900549
4 12 3.573967
4 11 17.925884
5 13 32.840172
6 14 16.456127
6 11 18.947442
7 13 11.521430
7 10 6.048928
7 8 26.610582
8 13 2.950082
8 12 31.271260
8 10 24.336475
9 16 12.797883
9 13 16.323969
9 10 31.752577
10 13 4.499305
11 13 10.646193
12 16 14.411182
12 14 3.583139
15 16 0.943075
