18 32 1 42657 493 0
36.612473
44.280550
29.678415
19.899177
14.084462
32.014070
11.558113
1.856927
3.597819
1.738043
41.838868
9.397986
4.731050
48.601661
44.554779
24.471685
44.815093
2.806797
0 7 37.487924
0 2 32.971633
1 17 41.442646
1 7 17.584957
2 16 16.984812
2 14 42.137291
2 10 12.295237
2 9 29.916137
3 16 48.648941
3 8 23.987722
4 9 45.857525
4 7 11.945098
5 17 36.983527
5 10 36.298054
5 9 41.147833
5 6 34.345103
6 13 38.736014
7 16 29.376839
7 15 24.606340
7 13 17.406860
7 12 16.729251
8 17 27.226739
9 16 38.293915
11 17 20.998141
11 16 1.143474
11 12 47.149911
12 13 22.571404
13 17 34.697393
13 16 25.771158
13 15 41.093237
15 17 2.108594
15 16 45.554749
