16 27 1 43733 15 0
19.097265
21.042853
7.704390
10.670690
31.302770
43.763322
40.170090
45.812534
34.050221
2.859122
4.444587
13.501584
41.120584
36.608546
28.760750
26.667331
0 6 14.567856
0 4 16.000259
0 2 16.775007
1 13 26.290257
1 11 1.825337
3 12 17.677920
3 10 45.420681
3 6 32.631283
3 5 37.148384
4 15 25.188636
4 12 34.098995
4 7 14.263688
4 6 18.217848
5 11 31.650800
5 10 5.316821
5 9 36.005763
6 14 20.788489
6 12 48.554781
6 11 43.077070
7 14 27.112362
8 15 28.416947
8 14 21.994126
8 12 10.895813
10 15 38.355574
10 13 44.961082
10 12 16.495350
11 12 28.902936
