19 44 1 50680 1238 0
21.192540
49.387745
8.912258
41.543834
11.997497
19.578620
36.792643
2.515824
44.896185
10.578702
33.514164
21.872284
22.465974
3.011658
21.187870
39.710748
21.070086
7.508702
48.719459
0 14 7.380149
0 12 48.208468
0 6 41.514378
0 3 21.706040
0 2 37.831304
1 18 39.656934
1 17 23.346724
1 7 8.173457
1 6 1.042176
1 5 1.683202
2 18 22.648263
2 16 37.072164
2 13 34.727878
2 10 15.708417
3 18 11.153907
3 14 23.158085
3 13 41.986157
3 9 33.922493
3 6 45.583584
4 18 18.961036
4 10 7.782717
4 7 32.676087
5 18 47.662649
5 12 46.020000
5 10 18.601622
6 17 2.262824
6 15 9.965106
6 13 35.770431
6 10 29.418809
7 18 19.131610
7 9 24.695967
7 8 9.106773
8 17 13.656248
8 15 0.182659
9 18 48.657799
9 11 42.654720
10 16 27.761665
11 18 37.569958
13 16 16.180352
14 18 24.129138
14 16 31.293160
14 15 26.031858
15 18 15.726949
17 18 35.951249
