16 27 1 41660 215 0
23.608334
14.978578
30.329295
11.746586
16.683924
39.441998
16.332643
46.205943
6.561189
3.339678
10.985278
11.896482
26.562273
3.104594
27.637232
31.614185
0 6 14.878716
0 4 26.736052
0 2 25.717222
1 13 47.712883
1 11 23.368299
3 12 13.067740
3 10 12.348269
3 6 11.241413
3 5 10.523279
4 15 47.703189
4 12 31.012706
4 7 23.413146
4 6 17.375510
5 11 49.470377
5 10 37.503018
5 9 25.551969
6 14 1.220025
6 12 3.915577
6 11 3.848652
7 14 35.155126
8 15 13.624019
8 14 17.783369
8 12 43.767567
10 15 11.928891
10 13 20.595489
10 12 31.498048
11 12 23.667911
