15 34 1 46942 217 0
39.714974
49.657478
46.397139
15.210607
19.034970
45.737402
3.641861
18.886378
11.349768
20.668438
12.449709
36.014436
24.659172
33.586240
43.832121
0 10 10.006701
0 9 16.624802
0 8 26.901342
0 4 19.979453
1 10 1.774218
1 9 17.208266
1 8 14.172694
1 5 4.289352
1 4 39.971869
1 3 38.803000
2 14 22.981800
2 12 8.824336
2 9 45.890170
2 7 4.317887
3 9 4.151946
3 6 25.736727
3 5 3.829572
4 13 40.373206
4 11 34.133437
4 10 17.267326
4 6 9.973301
5 8 7.854140
5 7 34.732487
6 9 16.551855
7 14 16.090322
7 12 29.886831
7 10 39.895257
8 12 30.940300
8 9 18.203942
9 13 17.690033
9 11 23.162313
10 11 36.514536
12 14 35.788289
13 14 7.722800
