17 35 1 48457 477 0
12.708622
12.735081
21.166498
21.095326
31.837978
16.366229
10.027555
5.118585
2.324161
2.484029
7.013303
20.566043
32.734563
10.312145
5.017340
6.535087
28.756166
0 13 6.819331
0 11 5.597434
0 6 44.580437
0 3 28.559488
0 2 20.372067
1 3 33.757287
1 2 3.628550
2 16 23.247175
2 12 3.238782
2 4 48.201609
3 15 4.370056
3 13 21.929171
3 11 10.333497
3 7 39.588648
3 4 47.512554
4 16 49.401809
4 12 49.447051
4 11 47.655097
5 13 37.271001
6 14 1.070892
6 11 10.612944
7 13 18.181620
7 10 16.900463
7 8 30.605126
8 13 35.771296
8 12 39.744255
8 10 32.126929
9 16 46.995438
9 13 4.168640
9 10 13.106069
10 13 32.707821
11 13 6.013080
12 16 17.507120
12 14 26.182360
15 16 29.882761
