17 35 1 433 227 0
37.774308
1.622977
48.655942
27.086495
3.465111
29.593519
1.742659
10.391989
47.065156
30.044235
48.519905
36.220075
8.975648
32.846382
44.647558
30.222389
16.632586
0 13 7.428456
0 11 26.536241
0 6 9.087601
0 3 5.473328
0 2 14.070456
1 3 16.793083
1 2 39.809240
2 16 8.780305
2 12 5.530926
2 4 44.897328
3 15 37.609459
3 13 32.189602
3 11 3.809222
3 7 26.629342
3 4 13.057234
4 16 3.288190
4 12 21.750674
4 11 40.594035
5 13 33.985157
6 14 23.514139
6 11 4.170550
7 13 19.061610
7 10 47.182207
7 8 35.412007
8 13 13.708715
8 12 37.837579
8 10 35.598652
9 16 18.971868
9 13 38.436857
9 10 26.063478
10 13 2.452942
11 13 21.979783
12 16 9.176098
12 14 5.041891
15 16 8.641181
