16 27 1 4228 25 0
25.474146
11.138937
20.952664
18.689672
9.840674
1.928953
15.101818
43.124926
9.576117
4.308673
43.196371
36.310900
38.270263
46.877589
25.345344
27.441446
0 6 19.388117
0 4 15.297890
0 2 20.295737
1 13 40.556844
1 11 39.409931
3 12 7.179911
3 10 32.883553
3 6 1.853567
3 5 15.860301
4 15 27.047372
4 12 24.735185
4 7 18.825902
4 6 46.457862
5 11 20.622202
5 10 8.899863
5 9 12.169571
6 14 39.048434
6 12 20.496081
6 11 16.822911
7 14 42.278453
8 15 45.360229
8 14 38.020409
8 12 4.179728
10 15 36.601481
10 13 12.680208
10 12 45.741005
11 12 5.798042
