17 35 1 5280 833 0
42.912683
5.172453
28.990061
25.071826
10.993127
1.829988
10.871061
5.161863
24.213547
6.346386
17.216882
10.768235
19.490846
30.562873
41.440541
34.560927
41.761788
0 13 23.784173
0 11 9.961809
0 6 49.779421
0 3 19.697746
0 2 22.647108
1 3 46.560943
1 2 33.551545
2 16 6.081396
2 12 37.154052
2 4 49.717125
3 15 42.024282
3 13 13.197587
3 11 22.095870
3 7 17.861515
3 4 15.406363
4 16 44.420531
4 12 10.960034
4 11 35.540810
5 13 13.850466
6 14 41.340716
6 11 29.343938
7 13 49.666286
7 10 46.065649
7 8 1.619481
8 13 36.900903
8 12 22.203741
8 10 6.215594
9 16 27.295854
9 13 9.367150
9 10 30.970207
10 13 47.579811
11 13 13.964049
12 16 29.773078
12 14 19.279301
15 16 4.743416
