17 35 1 4544 623 0
34.421766
11.268463
11.146277
31.898118
1.602588
3.948482
49.887995
31.666889
7.513569
2.334528
39.291205
6.194580
39.864449
17.726186
39.413625
46.364363
37.330188
0 13 4.266205
0 11 28.841101
0 6 30.057499
0 3 3.131004
0 2 28.680158
1 3 38.533161
1 2 4.270710
2 16 42.750043
2 12 5.312626
2 4 17.141761
3 15 24.536157
3 13 16.774678
3 11 38.099855
3 7 16.735133
3 4 12.382883
4 16 43.156230
4 12 31.871591
4 11 23.370764
5 13 31.099086
6 14 37.794152
6 11 16.416544
7 13 18.107521
7 10 20.493663
7 8 36.226428
8 13 35.505726
8 12 35.067398
8 10 2.176839
9 16 36.912567
9 13 24.811334
9 10 46.102736
10 13 16.747196
11 13 3.843306
12 16 11.256297
12 14 10.547878
15 16 3.715838
