16 27 1 48880 346 0
0.327547
11.154339
0.133098
19.582424
11.574277
1.427956
21.696812
4.858413
8.267364
5.715270
20.317319
32.590524
24.957984
9.802449
26.515866
45.304728
0 6 11.816251
0 4 40.424198
0 2 45.909558
1 13 18.044333
1 11 16.185704
3 12 21.396273
3 10 14.396694
3 6 20.430535
3 5 7.552840
4 15 34.306665
4 12 21.991589
4 7 23.985530
4 6 11.718747
5 11 12.849476
5 10 4.105298
5 9 31.981459
6 14 37.389659
6 12 9.268508
6 11 25.970486
7 14 15.109261
8 15 44.952916
8 14 35.780909
8 12 32.904035
10 15 24.073851
10 13 26.775077
10 12 9.583992
11 12 14.383994
