17 35 1 48587 112 0
16.076978
3.161939
17.912229
5.748166
11.394743
11.954912
40.822413
4.559652
15.581909
16.685186
25.143070
1.888339
28.189795
26.445470
41.837222
10.596546
47.115088
0 13 6.378055
0 11 4.193089
0 6 16.922762
0 3 9.123884
0 2 39.671093
1 3 24.940567
1 2 48.895691
2 16 20.440101
2 12 26.944612
2 4 13.452373
3 15 17.010680
3 13 4.481432
3 11 43.155094
3 7 11.885660
3 4 48.206994
4 16 16.715653
4 12 48.259078
4 11 18.580594
5 13 24.541935
6 14 30.277046
6 11 36.673533
7 13 18.576151
7 10 14.249996
7 8 37.626853
8 13 15.204519
8 12 30.094131
8 10 19.091250
9 16 15.911064
9 13 40.945334
9 10 31.846909
10 13 0.278931
11 13 43.737377
12 16 19.471303
12 14 13.719849
15 16 40.022450
