15 34 1 42075 435 0
37.687162
27.797276
13.243746
40.942628
32.940810
42.276510
23.979288
32.123250
44.574508
26.747431
32.756691
33.130274
42.780497
12.263727
26.773683
0 10 44.920543
0 9 4.787451
0 8 26.172372
0 4 48.131494
1 10 34.993124
1 9 10.703586
1 8 33.936057
1 5 20.183633
1 4 38.502106
1 3 8.647542
2 14 30.921718
2 12 3.424021
2 9 45.498561
2 7 45.801659
3 9 22.951949
3 6 5.402517
3 5 36.322818
4 13 17.578118
4 11 28.079206
4 10 41.189084
4 6 40.231872
5 8 12.330374
5 7 2.707613
6 9 19.571725
7 14 30.494915
7 12 20.654452
7 10 29.143320
8 12 24.461601
8 9 4.249926
9 13 3.270715
9 11 28.328647
10 11 45.074366
12 14 18.863199
13 14 27.146654
