15 34 1 49325 1055 0
32.287487
12.273611
19.269154
2.557190
19.807004
35.210381
34.971738
23.733571
19.845106
49.970524
49.284970
37.896983
17.834012
43.000822
29.486869
0 10 17.936818
0 9 0.746493
0 8 4.476167
0 4 0.153406
1 10 15.118612
1 9 4.890305
1 8 15.290524
1 5 3.421313
1 4 42.295114
1 3 17.054628
2 14 35.501928
2 12 29.824042
2 9 22.110114
2 7 8.520468
3 9 47.628578
3 6 39.493967
3 5 31.863270
4 13 35.174655
4 11 45.017761
4 10 26.256187
4 6 48.144893
5 8 7.502391
5 7 41.154119
6 9 11.220891
7 14 26.618628
7 12 28.301537
7 10 30.540527
8 12 21.356054
8 9 37.920145
9 13 12.657739
9 11 31.397811
10 11 1.114119
12 14 42.392166
13 14 49.600519
