16 27 1 4855 1052 0
5.436503
26.173606
8.919773
25.162889
9.224983
29.782454
34.611890
23.172260
20.396530
1.999226
20.027541
43.625477
39.933099
33.074193
14.880124
35.358184
0 6 10.714867
0 4 29.146783
0 2 0.978733
1 13 42.023760
1 11 17.967164
3 12 37.174081
3 10 16.296995
3 6 1.861231
3 5 19.433929
4 15 46.896387
4 12 40.563458
4 7 1.831172
4 6 33.507503
5 11 4.585465
5 10 4.932906
5 9 8.798786
6 14 31.834774
6 12 33.323956
6 11 31.869345
7 14 32.907655
8 15 7.817118
8 14 3.802646
8 12 13.342058
10 15 45.847611
10 13 16.444881
10 12 11.434899
11 12 24.252275
