16 27 1 41457 23 0
20.616005
35.679430
3.463110
28.027830
6.334960
1.815815
21.274698
7.155558
37.914243
31.811603
45.826231
28.823184
20.271880
0.509230
45.192677
1.672456
0 6 21.752286
0 4 15.922361
0 2 6.637405
1 13 31.875321
1 11 39.986777
3 12 44.311472
3 10 18.807783
3 6 44.922003
3 5 27.686525
4 15 17.451618
4 12 0.200928
4 7 41.177042
4 6 20.537919
5 11 16.938355
5 10 37.512503
5 9 42.482255
6 14 16.380861
6 12 24.402198
6 11 7.724003
7 14 27.606446
8 15 48.505472
8 14 36.225595
8 12 13.925014
10 15 6.737042
10 13 29.532710
10 12 25.633023
11 12 12.914976
