19 44 1 41880 378 0
12.510342
3.741883
6.860723
42.067020
6.908161
2.662365
4.871777
30.572485
41.338173
14.683476
40.091335
24.648836
34.480588
0.125248
44.963679
7.564834
2.554759
27.650114
22.307119
0 14 49.978092
0 12 17.500811
0 6 46.674188
0 3 42.916736
0 2 10.607740
1 18 33.522078
1 17 32.747170
1 7 5.115605
1 6 44.172122
1 5 29.685966
2 18 49.116143
2 16 14.835942
2 13 28.850030
2 10 18.728658
3 18 17.515949
3 14 8.721983
3 13 3.547906
3 9 15.901111
3 6 30.259518
4 18 10.294180
4 10 29.054675
4 7 39.122140
5 18 31.080219
5 12 36.616034
5 10 2.015715
6 17 49.996948
6 15 10.671442
6 13 24.896837
6 10 29.794081
7 18 25.936336
7 9 40.004267
7 8 14.804072
8 17 10.881114
8 15 43.774267
9 18 39.523029
9 11 32.007891
10 16 47.884704
11 18 30.379548
13 16 15.367776
14 18 4.217263
14 16 33.297581
14 15 18.515349
15 18 19.047102
17 18 33.490495
