15 34 1 42441 1117 0
40.421507
12.152473
14.810096
45.998588
48.841341
14.609202
48.674285
10.312718
23.484735
10.907379
40.950264
26.973043
11.390253
29.563343
6.901317
0 10 31.604357
0 9 32.092424
0 8 47.380869
0 4 46.840572
1 10 23.643641
1 9 21.421568
1 8 4.806648
1 5 21.854518
1 4 46.860537
1 3 25.352012
2 14 32.848332
2 12 41.533410
2 9 13.445949
2 7 34.111314
3 9 13.831041
3 6 47.320309
3 5 46.822825
4 13 27.429499
4 11 34.980588
4 10 40.654533
4 6 45.673383
5 8 25.129817
5 7 18.515131
6 9 11.021948
7 14 30.991326
7 12 8.234793
7 10 26.335173
8 12 7.000707
8 9 2.208991
9 13 30.200114
9 11 4.786678
10 11 11.475430
12 14 6.933156
13 14 45.813196
