19 44 1 4811 478 0
23.202759
43.512721
36.005265
25.260902
33.722528
44.993977
43.531384
11.542416
18.720048
17.817629
7.838700
5.573898
45.844479
47.149742
44.152292
34.337071
0.949529
6.340957
42.451437
0 14 36.124125
0 12 18.220816
0 6 39.693276
0 3 23.699876
0 2 43.192935
1 18 1.038874
1 17 22.892672
1 7 39.164246
1 6 28.274122
1 5 41.684958
2 18 2.878271
2 16 47.655238
2 13 5.347066
2 10 2.604461
3 18 45.754509
3 14 32.135573
3 13 40.632025
3 9 14.819118
3 6 41.821659
4 18 12.163552
4 10 38.208908
4 7 38.173575
5 18 7.754021
5 12 9.255154
5 10 11.496045
6 17 25.844681
6 15 10.442700
6 13 22.826485
6 10 18.304899
7 18 5.473902
7 9 34.376363
7 8 45.938043
8 17 37.965864
8 15 5.333689
9 18 49.276155
9 11 14.802118
10 16 30.699667
11 18 48.586643
13 16 30.313515
14 18 24.481831
14 16 8.781910
14 15 6.183876
15 18 23.826430
17 18 35.014375
