15 34 1 45412 220 0
3.786287
13.812036
15.026959
1.474912
2.272206
37.531288
40.102529
9.076417
26.790189
12.970879
14.024907
8.291333
43.838036
15.317355
32.051293
0 10 4.503703
0 9 45.371681
0 8 47.811546
0 4 41.529467
1 10 11.072524
1 9 47.447317
1 8 10.889583
1 5 4.775335
1 4 20.844826
1 3 6.654190
2 14 20.859577
2 12 12.422267
2 9 20.975667
2 7 43.960901
3 9 19.231182
3 6 11.318294
3 5 42.476421
4 13 22.820695
4 11 48.822251
4 10 2.482454
4 6 2.399087
5 8 32.477316
5 7 16.988309
6 9 4.915901
7 14 5.840023
7 12 10.152874
7 10 5.755569
8 12 6.635593
8 9 47.968287
9 13 5.998237
9 11 9.874749
10 11 40.934354
12 14 24.006505
13 14 42.639137
