19 44 1 45080 742 0
3.237410
46.850123
41.382123
9.158259
41.270624
47.899995
16.657286
12.906870
13.843937
33.180423
42.596539
45.998229
0.590621
1.450288
12.667145
22.786076
5.463675
45.839469
28.116882
0 14 12.406579
0 12 38.869253
0 6 12.615721
0 3 37.086438
0 2 15.500642
1 18 32.713371
1 17 11.560338
1 7 14.726246
1 6 20.834118
1 5 37.375883
2 18 26.470178
2 16 26.337528
2 13 21.146928
2 10 35.135553
3 18 33.251490
3 14 22.049885
3 13 21.010169
3 9 17.898267
3 6 2.749344
4 18 5.016128
4 10 13.307633
4 7 41.594110
5 18 17.292992
5 12 45.586569
5 10 18.946597
6 17 21.868098
6 15 3.518759
6 13 17.885183
6 10 25.993441
7 18 18.598691
7 9 33.995758
7 8 4.902999
8 17 1.567713
8 15 38.631817
9 18 27.785971
9 11 22.567044
10 16 31.377443
11 18 15.961576
13 16 20.481509
14 18 36.797544
14 16 44.510598
14 15 34.844881
15 18 6.871267
17 18 22.695045
