16 27 1 45987 277 0
33.601619
10.163845
42.241138
1.034404
44.047454
6.107595
37.172879
31.116494
2.011680
19.170899
14.001566
29.458670
21.557535
20.880387
17.343418
7.772944
0 6 9.311301
0 4 3.424820
0 2 30.212156
1 13 25.721647
1 11 32.233659
3 12 34.848024
3 10 36.151091
3 6 8.538497
3 5 23.738534
4 15 20.787114
4 12 6.887229
4 7 48.902482
4 6 27.130893
5 11 38.357579
5 10 33.784434
5 9 6.461371
6 14 40.349857
6 12 9.277618
6 11 41.767909
7 14 29.707518
8 15 3.612312
8 14 45.969836
8 12 28.130230
10 15 9.516113
10 13 5.287967
10 12 19.654751
11 12 38.263221
