18 32 1 44850 20 0
11.074945
6.156489
20.942911
21.742021
14.167162
27.459302
45.125548
20.571178
15.197620
40.452287
46.990846
27.052703
27.368055
42.647836
49.940448
12.068415
6.827787
3.403855
0 7 18.526422
0 2 3.141293
1 17 23.346235
1 7 6.657079
2 16 20.961363
2 14 7.258847
2 10 10.145605
2 9 25.066892
3 16 40.075814
3 8 8.547818
4 9 9.805232
4 7 25.653649
5 17 0.798142
5 10 49.443913
5 9 15.090119
5 6 4.142444
6 13 13.329843
7 16 6.191611
7 15 19.752994
7 13 17.394507
7 12 37.253214
8 17 9.624760
9 16 42.987148
11 17 28.487335
11 16 23.925706
11 12 18.264323
12 13 10.780592
13 17 40.527015
13 16 46.939677
13 15 12.317324
15 17 46.242629
15 16 45.646338
