17 35 1 43750 5 0
6.459216
4.784135
39.271644
42.464980
24.668812
10.060133
44.471001
23.223593
47.623628
37.548071
48.068632
24.735991
32.450478
26.485579
19.526272
4.444604
0.323207
0 13 30.422085
0 11 38.678781
0 6 4.031096
0 3 44.961632
0 2 31.125927
1 3 30.300467
1 2 25.187984
2 16 34.705928
2 12 48.432206
2 4 4.640931
3 15 21.641909
3 13 6.115967
3 11 25.933156
3 7 41.640458
3 4 0.378230
4 16 2.741942
4 12 5.155075
4 11 9.266597
5 13 43.643715
6 14 42.277345
6 11 29.948900
7 13 3.016353
7 10 31.738374
7 8 35.109002
8 13 14.893188
8 12 38.662919
8 10 17.614457
9 16 45.725077
9 13 25.630844
9 10 45.966348
10 13 33.450597
11 13 6.809390
12 16 40.129013
12 14 47.791844
15 16 20.304216
