19 44 1 49516 613 0
3.690990
42.778852
27.996555
27.078855
9.089859
31.677910
28.891122
49.941073
7.551894
2.449465
5.755963
6.685938
42.836643
32.711425
37.140091
18.910688
19.211551
18.059466
0.256428
0 14 21.542751
0 12 1.508195
0 6 30.627910
0 3 24.882637
0 2 7.395439
1 18 28.160205
1 17 38.965281
1 7 19.265763
1 6 30.028916
1 5 44.935258
2 18 8.495566
2 16 35.725952
2 13 40.221366
2 10 2.321596
3 18 37.648928
3 14 9.388482
3 13 42.207752
3 9 8.651032
3 6 8.143311
4 18 36.333108
4 10 18.807961
4 7 6.807958
5 18 35.432369
5 12 23.817378
5 10 27.017393
6 17 45.431274
6 15 16.137359
6 13 0.694465
6 10 49.594603
7 18 15.490779
7 9 23.397122
7 8 46.435210
8 17 35.775937
8 15 38.440536
9 18 38.619912
9 11 9.457998
10 16 39.266956
11 18 15.201114
13 16 42.339676
14 18 40.160609
14 16 7.771128
14 15 4.870029
15 18 16.749108
17 18 30.267213
