17 35 1 48550 1580 0
43.045166
47.548739
4.709430
10.519629
28.414270
6.548447
49.369409
46.822308
35.716369
9.538681
45.386863
34.341804
32.853832
19.630544
39.073244
34.880944
34.054468
0 13 3.647890
0 11 18.090935
0 6 38.268648
0 3 23.733073
0 2 10.814067
1 3 40.406999
1 2 49.986474
2 16 28.392929
2 12 31.320556
2 4 25.949483
3 15 38.281967
3 13 23.585372
3 11 18.158654
3 7 30.674479
3 4 47.000420
4 16 21.843667
4 12 7.116819
4 11 49.362045
5 13 42.486405
6 14 44.853308
6 11 20.963021
7 13 38.648236
7 10 11.871433
7 8 18.484708
8 13 5.953722
8 12 31.060991
8 10 17.205982
9 16 42.056337
9 13 12.573538
9 10 23.153835
10 13 38.286240
11 13 10.222269
12 16 34.932104
12 14 40.788527
15 16 32.679433
