16 27 1 45192 186 0
30.085317
27.439882
19.979984
48.772392
28.901332
16.528565
18.006497
9.720728
15.737189
28.646997
32.118758
27.742733
34.671515
47.833628
38.549468
16.634606
0 6 34.912543
0 4 37.487882
0 2 41.240049
1 13 6.978241
1 11 16.483487
3 12 45.344880
3 10 13.239121
3 6 8.477002
3 5 7.210621
4 15 42.096830
4 12 44.985551
4 7 45.832681
4 6 38.750324
5 11 38.465474
5 10 25.785067
5 9 40.056444
6 14 33.055611
6 12 28.020926
6 11 36.142013
7 14 4.918597
8 15 16.018085
8 14 37.627583
8 12 30.034216
10 15 22.581644
10 13 24.561572
10 12 23.356790
11 12 24.781801
