18 32 1 4012 25 0
27.862285
29.800896
40.245911
28.029324
36.903658
48.769299
16.322308
21.134357
20.797369
28.119478
24.795325
1.647724
7.217352
19.216004
6.674488
48.620838
41.911525
3.559680
0 7 38.039949
0 2 17.229304
1 17 5.631988
1 7 46.464739
2 16 36.099740
2 14 19.426295
2 10 1.762985
2 9 13.418278
3 16 25.317905
3 8 40.778195
4 9 21.456293
4 7 19.759691
5 17 13.223288
5 10 15.467622
5 9 25.597881
5 6 23.457456
6 13 23.984937
7 16 49.367349
7 15 48.456676
7 13 22.427107
7 12 47.250628
8 17 18.173798
9 16 39.141983
11 17 41.022509
11 16 31.914012
11 12 6.100101
12 13 43.376268
13 17 49.621924
13 16 2.836834
13 15 26.497332
15 17 22.468694
15 16 42.072545
