18 32 1 43250 40 0
31.993544
14.495585
45.286687
28.773804
28.737260
0.701643
36.162767
4.357587
23.397721
48.808283
11.007992
29.090636
42.190688
32.985438
24.462993
48.363595
21.003927
40.098789
0 7 32.725009
0 2 36.874617
1 17 15.075470
1 7 46.338809
2 16 11.273200
2 14 35.860861
2 10 45.300197
2 9 21.839421
3 16 46.628209
3 8 41.288528
4 9 4.934268
4 7 31.599259
5 17 43.776885
5 10 48.927699
5 9 22.153542
5 6 8.338667
6 13 18.883183
7 16 35.614355
7 15 24.351491
7 13 6.658708
7 12 46.856251
8 17 42.968528
9 16 10.373974
11 17 32.743333
11 16 15.384630
11 12 39.793159
12 13 38.718110
13 17 36.261159
13 16 45.182365
13 15 0.734873
15 17 5.120483
15 16 22.214457
