16 27 1 44480 436 0
42.310279
38.543018
41.142013
30.344930
24.944660
15.754130
9.697801
13.549276
45.294722
46.214594
1.661213
31.043152
20.779746
10.460930
8.264743
29.695392
0 6 22.996747
0 4 44.781881
0 2 4.840480
1 13 10.715856
1 11 26.773822
3 12 12.974634
3 10 27.479437
3 6 35.005613
3 5 22.415439
4 15 0.134646
4 12 41.901755
4 7 10.909375
4 6 6.047041
5 11 18.239630
5 10 23.031518
5 9 6.522180
6 14 2.265035
6 12 47.663520
6 11 33.973618
7 14 21.844405
8 15 22.295136
8 14 0.407973
8 12 18.691460
10 15 19.564290
10 13 11.561212
10 12 38.466998
11 12 29.531383
