15 34 1 4577 166 0
29.296051
17.522406
45.562474
37.456060
48.197771
29.457261
23.697940
19.324297
14.383550
12.811607
47.034803
34.559280
20.406611
42.625117
5.302106
0 10 39.138568
0 9 8.535116
0 8 22.542349
0 4 34.883892
1 10 10.313223
1 9 23.659013
1 8 23.185815
1 5 6.161226
1 4 47.515441
1 3 17.471683
2 14 21.881403
2 12 8.669442
2 9 11.312494
2 7 38.240503
3 9 41.887660
3 6 1.173880
3 5 19.225980
4 13 23.103570
4 11 12.537719
4 10 33.120000
4 6 4.074423
5 8 43.177444
5 7 24.998403
6 9 49.169448
7 14 23.022301
7 12 7.485346
7 10 13.570076
8 12 36.109403
8 9 37.635837
9 13 20.754344
9 11 5.215526
10 11 10.549724
12 14 31.637220
13 14 16.209836
