19 44 1 50462 237 0
41.213357
16.195001
1.214059
20.917703
19.162373
24.867726
33.028958
41.476374
37.663988
12.112851
18.808713
3.825226
48.118306
17.419033
41.036044
47.881365
22.451309
12.384636
47.204903
0 14 43.934947
0 12 35.415463
0 6 16.669459
0 3 6.483684
0 2 9.490334
1 18 36.480622
1 17 17.495657
1 7 46.775315
1 6 21.837995
1 5 21.442317
2 18 9.307028
2 16 32.123082
2 13 31.673474
2 10 4.168298
3 18 21.993424
3 14 26.759742
3 13 23.674765
3 9 33.203247
3 6 21.234761
4 18 45.708127
4 10 15.969230
4 7 26.286351
5 18 34.864371
5 12 21.878246
5 10 44.704706
6 17 20.016735
6 15 26.875731
6 13 17.143988
6 10 1.681932
7 18 38.104044
7 9 37.865221
7 8 39.603727
8 17 27.038991
8 15 1.884209
9 18 12.493904
9 11 28.998847
10 16 29.781085
11 18 11.928022
13 16 28.346863
14 18 21.347821
14 16 27.126831
14 15 27.063303
15 18 43.504373
17 18 12.551767
