15 34 1 44342 188 0
37.783918
31.019436
31.265322
15.064410
40.786246
2.743060
28.187459
39.279470
49.171623
1.936070
5.970317
12.034408
3.391260
47.271165
39.206555
0 10 33.484626
0 9 6.468121
0 8 44.736838
0 4 24.091784
1 10 16.285017
1 9 7.696742
1 8 41.904891
1 5 11.956988
1 4 40.921647
1 3 21.122040
2 14 33.762670
2 12 34.173516
2 9 23.036723
2 7 29.012457
3 9 39.500847
3 6 24.277686
3 5 9.030435
4 13 4.802767
4 11 14.936286
4 10 18.888072
4 6 26.815742
5 8 8.882251
5 7 29.722543
6 9 8.577351
7 14 13.815663
7 12 26.630246
7 10 3.564491
8 12 20.620473
8 9 46.913349
9 13 11.672346
9 11 25.916551
10 11 9.399669
12 14 16.695840
13 14 38.714259
