16 27 1 42242 160 0
29.036340
25.858937
16.457458
38.564014
46.985150
8.992352
1.917809
48.082647
5.723044
10.828204
28.193781
26.306752
2.286774
47.686696
41.515273
17.667842
0 6 45.574777
0 4 4.698485
0 2 2.186052
1 13 10.581735
1 11 16.881270
3 12 37.820612
3 10 29.904690
3 6 30.050272
3 5 49.934447
4 15 47.505045
4 12 5.500082
4 7 45.002244
4 6 10.251058
5 11 37.529879
5 10 20.882721
5 9 30.205675
6 14 34.437042
6 12 45.894338
6 11 5.796101
7 14 11.820916
8 15 3.572266
8 14 34.730777
8 12 23.717038
10 15 42.417987
10 13 11.288778
10 12 20.571083
11 12 39.345886
