19 44 1 50075 98 0
41.116958
0.335710
19.037130
34.951038
22.974274
12.988144
25.399681
20.184679
47.379536
46.033614
25.754782
4.408522
29.787378
45.798040
42.596532
11.314547
27.562349
1.306997
22.317075
0 14 22.381925
0 12 35.685661
0 6 2.172420
0 3 42.167331
0 2 36.704912
1 18 4.751089
1 17 48.965796
1 7 30.380585
1 6 28.061074
1 5 9.316515
2 18 40.748265
2 16 24.000535
2 13 35.137508
2 10 37.753319
3 18 47.360923
3 14 18.769130
3 13 4.075264
3 9 13.857003
3 6 29.534294
4 18 19.954700
4 10 13.873172
4 7 27.582662
5 18 29.792588
5 12 46.755802
5 10 1.331976
6 17 6.099415
6 15 11.422447
6 13 37.237028
6 10 49.898524
7 18 43.012009
7 9 14.050663
7 8 17.002296
8 17 16.235930
8 15 24.373611
9 18 36.883634
9 11 12.009431
10 16 19.034099
11 18 13.595774
13 16 47.555339
14 18 6.680348
14 16 16.423892
14 15 40.967557
15 18 42.879713
17 18 24.406293
