18 32 1 50180 52 0
45.296082
33.107674
31.051375
1.859936
20.691909
0.410453
15.863108
42.815543
19.894641
6.105011
33.076907
26.839238
20.394254
14.465664
1.232433
7.989441
44.808661
22.558067
0 7 43.200067
0 2 28.125759
1 17 2.999290
1 7 10.840183
2 16 3.067400
2 14 46.976459
2 10 9.982850
2 9 31.222397
3 16 44.132478
3 8 41.444679
4 9 44.729849
4 7 16.100597
5 17 38.178557
5 10 42.272420
5 9 44.484292
5 6 11.969057
6 13 46.741291
7 16 9.766079
7 15 12.470275
7 13 34.723986
7 12 7.945014
8 17 13.652399
9 16 23.972987
11 17 8.962090
11 16 46.789101
11 12 28.101050
12 13 11.746088
13 17 19.325706
13 16 30.696498
13 15 39.335634
15 17 48.679205
15 16 12.865149
