19 44 1 50372 152 0
43.075081
46.501055
43.708358
0.479788
34.511423
19.417531
9.113569
13.388641
20.469112
23.610037
1.439419
25.673666
38.862277
22.029909
46.208063
14.904006
40.022616
8.851300
17.368254
0 14 43.814949
0 12 35.565848
0 6 16.681173
0 3 35.390859
0 2 33.331922
1 18 31.247605
1 17 10.935067
1 7 34.688393
1 6 12.260083
1 5 20.528424
2 18 24.575035
2 16 27.088142
2 13 33.000739
2 10 46.456765
3 18 39.140667
3 14 15.272998
3 13 20.109173
3 9 16.581863
3 6 48.178769
4 18 31.202942
4 10 19.832709
4 7 22.490726
5 18 40.199207
5 12 42.182631
5 10 11.285042
6 17 28.108013
6 15 6.849517
6 13 36.108779
6 10 4.314206
7 18 37.755000
7 9 37.873608
7 8 26.410488
8 17 3.866845
8 15 44.773128
9 18 44.965073
9 11 33.556304
10 16 38.426617
11 18 45.565558
13 16 13.226148
14 18 31.085114
14 16 0.459245
14 15 10.371267
15 18 14.389281
17 18 47.159017
