18 32 1 42133 109 0
25.258681
6.846511
8.277285
46.627900
13.964816
30.699500
33.310188
38.726229
44.465337
31.642457
48.977778
32.259526
29.392919
22.924494
7.713854
26.993352
43.467498
28.535766
0 7 29.034629
0 2 36.838823
1 17 23.753376
1 7 19.195192
2 16 31.454703
2 14 22.340575
2 10 18.044137
2 9 28.487286
3 16 44.227156
3 8 7.020922
4 9 31.178331
4 7 9.179802
5 17 33.745785
5 10 3.080603
5 9 15.566073
5 6 19.995405
6 13 42.360910
7 16 8.691595
7 15 1.381770
7 13 20.928608
7 12 29.348567
8 17 4.477249
9 16 40.868440
11 17 23.714126
11 16 25.416638
11 12 12.632941
12 13 32.221307
13 17 36.751078
13 16 10.385464
13 15 7.426731
15 17 36.379783
15 16 20.552240
