19 44 1 4522 204 0
40.307283
33.661791
21.894839
48.180266
17.376656
38.838538
11.019495
43.053027
17.309223
40.658003
35.604983
20.278815
0.573072
45.620408
5.765224
30.288763
10.434966
6.320272
19.293911
0 14 12.146638
0 12 13.899552
0 6 46.576269
0 3 2.604324
0 2 33.271830
1 18 12.980812
1 17 41.507750
1 7 47.620242
1 6 14.019258
1 5 0.707510
2 18 3.768002
2 16 42.677268
2 13 41.938585
2 10 29.812040
3 18 48.732642
3 14 41.521259
3 13 36.683603
3 9 5.069067
3 6 27.107705
4 18 13.051219
4 10 8.873857
4 7 36.104938
5 18 22.674633
5 12 40.069622
5 10 20.183959
6 17 43.766176
6 15 32.142646
6 13 47.998778
6 10 24.741121
7 18 46.308580
7 9 13.943131
7 8 34.353043
8 17 43.250650
8 15 33.886605
9 18 47.095500
9 11 30.737891
10 16 22.969854
11 18 6.350965
13 16 0.568009
14 18 32.338378
14 16 37.197719
14 15 44.703929
15 18 12.547998
17 18 43.421596
