18 32 1 536 523 0
33.642007
6.526786
4.640514
16.412984
49.769431
28.984425
34.774337
49.023805
23.225153
7.993710
17.804879
21.745886
31.695232
17.927947
4.691411
27.246287
13.851203
0.467797
0 7 10.649087
0 2 25.041933
1 17 14.914749
1 7 4.852724
2 16 25.383372
2 14 45.323240
2 10 35.938088
2 9 49.462589
3 16 45.378232
3 8 19.563027
4 9 48.255826
4 7 38.146279
5 17 14.534065
5 10 33.988652
5 9 47.087799
5 6 19.693273
6 13 24.319347
7 16 7.101988
7 15 49.631686
7 13 16.756261
7 12 42.109092
8 17 17.950861
9 16 41.044750
11 17 18.625782
11 16 16.645471
11 12 16.575550
12 13 30.976989
13 17 30.962002
13 16 24.563340
13 15 14.736531
15 17 12.790509
15 16 29.388024
