16 27 1 46183 1377 0
17.362042
49.171211
22.082445
5.727180
44.185754
19.681490
23.305274
10.600233
40.266319
45.452220
49.325187
5.432888
18.038812
5.444706
0.865659
49.495509
0 6 8.308737
0 4 20.376998
0 2 1.811983
1 13 27.933741
1 11 41.420086
3 12 43.879671
3 10 33.687223
3 6 26.229485
3 5 46.231448
4 15 6.776445
4 12 17.993420
4 7 1.017435
4 6 25.533939
5 11 13.692627
5 10 5.787329
5 9 43.068261
6 14 46.352347
6 12 24.271918
6 11 39.153728
7 14 24.410747
8 15 16.828394
8 14 42.502018
8 12 15.350656
10 15 1.564882
10 13 17.043433
10 12 1.999307
11 12 38.423046
