18 32 1 5166 895 0
32.030255
38.752745
0.501779
3.918603
9.066341
8.120329
24.627704
28.983741
38.941524
37.246423
8.698546
16.534613
42.881532
44.792776
19.232315
25.207313
13.615711
45.267735
0 7 44.150139
0 2 11.424423
1 17 27.424071
1 7 41.630326
2 16 26.101362
2 14 23.874850
2 10 11.249635
2 9 23.189760
3 16 9.823707
3 8 19.871744
4 9 11.239842
4 7 21.697834
5 17 25.347881
5 10 14.731164
5 9 39.786679
5 6 39.847931
6 13 34.278121
7 16 19.181656
7 15 33.115299
7 13 34.421371
7 12 30.390196
8 17 43.653676
9 16 14.201325
11 17 3.391246
11 16 49.099538
11 12 8.476443
12 13 32.076257
13 17 30.277769
13 16 44.753644
13 15 2.004334
15 17 23.355809
15 16 18.477141
