15 34 1 46575 2889 0
49.879910
27.403593
42.638273
33.359831
2.340741
36.663951
26.385610
19.523008
7.640178
42.700586
29.164009
3.345849
31.180066
19.546645
14.637587
0 10 4.331433
0 9 25.386344
0 8 21.560767
0 4 8.002871
1 10 6.674574
1 9 19.900436
1 8 15.213408
1 5 34.734121
1 4 2.664140
1 3 20.326498
2 14 14.478456
2 12 12.409580
2 9 14.630627
2 7 13.165472
3 9 36.290232
3 6 32.614062
3 5 18.350712
4 13 45.014061
4 11 47.075838
4 10 12.037614
4 6 18.061657
5 8 38.330026
5 7 34.722280
6 9 10.963291
7 14 35.201861
7 12 23.410390
7 10 38.280237
8 12 33.681780
8 9 40.930137
9 13 20.887339
9 11 29.559370
10 11 17.842034
12 14 11.501808
13 14 37.821561
