17 35 1 42966 427 0
21.578309
30.773784
20.346829
14.872307
41.739395
3.689356
16.867126
10.162409
1.824177
43.409271
32.261272
9.756347
36.087189
47.940233
26.987046
46.732062
36.825053
0 13 45.724289
0 11 21.480666
0 6 4.993880
0 3 34.710324
0 2 42.911843
1 3 49.793582
1 2 49.077133
2 16 30.071142
2 12 9.223613
2 4 21.590312
3 15 11.810576
3 13 14.737146
3 11 14.013993
3 7 41.307036
3 4 1.480539
4 16 48.779279
4 12 35.920925
4 11 22.272530
5 13 25.616497
6 14 10.345077
6 11 34.775832
7 13 27.021172
7 10 49.015443
7 8 13.703883
8 13 2.035763
8 12 21.152026
8 10 17.046916
9 16 19.066186
9 13 10.382666
9 10 43.015136
10 13 48.412319
11 13 9.068034
12 16 12.054359
12 14 25.248048
15 16 38.323418
