15 34 1 44440 54 0
4.184436
14.529405
31.223195
10.018332
8.819890
0.378970
37.991750
29.549881
10.100511
17.450409
8.972562
19.291784
22.654541
25.416716
21.975062
0 10 47.364995
0 9 12.365396
0 8 38.521923
0 4 49.571099
1 10 48.552568
1 9 13.114745
1 8 41.124948
1 5 10.636667
1 4 13.857780
1 3 15.038731
2 14 33.985962
2 12 11.867862
2 9 25.518212
2 7 22.508405
3 9 1.972811
3 6 16.785058
3 5 38.284048
4 13 2.567260
4 11 1.110069
4 10 10.658477
4 6 40.905221
5 8 15.476623
5 7 33.446566
6 9 15.845704
7 14 1.279362
7 12 21.180458
7 10 46.302136
8 12 48.801167
8 9 12.366591
9 13 16.630344
9 11 19.234693
10 11 13.677209
12 14 12.565856
13 14 34.324711
