18 32 1 545 320 0
48.444723
43.100214
3.811755
40.553815
5.179715
21.762616
18.600995
46.224465
39.176066
37.226777
32.647446
5.821537
25.415586
49.222996
20.722834
6.392575
3.944825
1.684836
0 7 1.903629
0 2 16.635490
1 17 0.159303
1 7 1.069964
2 16 16.535854
2 14 16.037339
2 10 9.031671
2 9 35.980020
3 16 5.035877
3 8 34.606041
4 9 37.384200
4 7 10.863649
5 17 29.603645
5 10 19.254642
5 9 42.671810
5 6 2.011315
6 13 1.707631
7 16 11.215598
7 15 48.072804
7 13 31.414262
7 12 42.520536
8 17 7.488464
9 16 11.933663
11 17 14.395632
11 16 34.628220
11 12 40.606412
12 13 22.783781
13 17 42.044065
13 16 37.749296
13 15 2.713905
15 17 34.498173
15 16 24.996544
