15 34 1 4566 74 0
4.657535
41.463477
13.975794
24.789916
16.132820
34.217941
15.609551
11.295826
15.317653
42.655614
32.265122
31.923090
23.069866
38.301816
8.570411
0 10 5.660957
0 9 22.130298
0 8 28.870690
0 4 47.499266
1 10 23.292667
1 9 22.482639
1 8 25.214540
1 5 48.987684
1 4 28.081871
1 3 1.031501
2 14 6.583981
2 12 18.481338
2 9 0.567095
2 7 0.144929
3 9 34.206818
3 6 41.060596
3 5 34.627332
4 13 18.396519
4 11 2.528778
4 10 12.253034
4 6 21.624540
5 8 31.687682
5 7 8.160009
6 9 33.894787
7 14 21.126526
7 12 39.113667
7 10 20.175731
8 12 45.590314
8 9 18.731956
9 13 3.233011
9 11 34.181989
10 11 42.806550
12 14 7.484500
13 14 32.307343
