18 32 1 44666 1017 0
23.300623
7.567524
21.708481
39.418788
38.588791
1.171634
43.806189
42.327807
28.044765
19.999571
49.685038
39.271374
6.568895
1.172852
1.098769
42.068689
48.031224
43.019219
0 7 10.285982
0 2 30.147058
1 17 26.935468
1 7 23.497528
2 16 26.667977
2 14 49.176069
2 10 0.106893
2 9 40.763183
3 16 11.895479
3 8 22.987008
4 9 21.679781
4 7 25.701240
5 17 40.303147
5 10 22.537670
5 9 24.338824
5 6 34.421136
6 13 29.477856
7 16 21.169832
7 15 15.611294
7 13 48.652765
7 12 4.268441
8 17 25.474930
9 16 20.305525
11 17 26.190709
11 16 45.590086
11 12 37.902673
12 13 0.209490
13 17 38.634685
13 16 45.874047
13 15 31.914553
15 17 31.741248
15 16 4.837677
