19 44 1 43857 523 0
43.763945
43.742928
43.332605
41.149214
3.192746
3.572993
42.194335
18.201847
16.771305
31.174187
36.375095
16.200860
12.702312
23.589738
23.647828
49.072554
49.865541
44.060976
47.290927
0 14 46.287540
0 12 40.756815
0 6 4.567311
0 3 21.730065
0 2 42.964275
1 18 31.448558
1 17 12.702983
1 7 10.295079
1 6 28.384232
1 5 46.046532
2 18 30.639377
2 16 32.961174
2 13 39.923031
2 10 20.488065
3 18 6.416452
3 14 36.286512
3 13 43.694564
3 9 32.372921
3 6 43.960164
4 18 12.165774
4 10 23.042024
4 7 3.886913
5 18 18.805819
5 12 39.597204
5 10 28.050064
6 17 43.776130
6 15 12.864454
6 13 5.529678
6 10 33.288215
7 18 41.783070
7 9 40.566784
7 8 42.408658
8 17 5.112909
8 15 32.523223
9 18 28.884565
9 11 35.997512
10 16 38.303330
11 18 37.671596
13 16 4.066417
14 18 4.299199
14 16 12.912535
14 15 40.805922
15 18 24.812632
17 18 28.564475
