17 35 1 50412 118 0
9.336699
44.662873
36.391103
35.781451
29.471303
47.628370
19.318250
28.758574
7.098619
26.866293
30.466702
3.370697
33.327559
26.404548
18.005802
8.377153
10.426586
0 13 27.530202
0 11 9.943594
0 6 35.272647
0 3 42.108657
0 2 2.519905
1 3 37.336917
1 2 48.109387
2 16 22.795008
2 12 34.956482
2 4 22.243563
3 15 27.894709
3 13 39.683470
3 11 31.468840
3 7 38.088561
3 4 11.059969
4 16 18.299974
4 12 44.131965
4 11 11.858122
5 13 36.656949
6 14 13.304571
6 11 12.656901
7 13 2.635163
7 10 49.206866
7 8 3.538548
8 13 34.006630
8 12 16.748199
8 10 26.784248
9 16 16.662342
9 13 49.485837
9 10 16.126476
10 13 1.216618
11 13 49.135977
12 16 12.670017
12 14 24.753195
15 16 14.960877
