19 44 1 49660 80 0
32.343534
41.324994
8.779035
25.637604
1.479858
29.158100
1.343601
40.354352
30.730580
12.029144
38.822647
9.194067
7.387416
16.547549
6.593299
34.280280
33.066703
33.010412
47.193031
0 14 12.480319
0 12 29.125209
0 6 40.097529
0 3 38.162746
0 2 31.952283
1 18 7.268287
1 17 15.140066
1 7 38.368832
1 6 0.073139
1 5 42.121271
2 18 48.257511
2 16 29.250138
2 13 11.537831
2 10 14.044878
3 18 28.864390
3 14 43.011142
3 13 34.027990
3 9 37.376636
3 6 37.909460
4 18 38.850767
4 10 8.335914
4 7 49.451539
5 18 44.712334
5 12 14.253651
5 10 5.347302
6 17 35.212964
6 15 10.525337
6 13 11.056392
6 10 10.260788
7 18 17.881280
7 9 22.156558
7 8 30.469887
8 17 33.028774
8 15 30.310067
9 18 43.385905
9 11 40.799976
10 16 15.279887
11 18 25.197799
13 16 28.071885
14 18 4.777694
14 16 45.826373
14 15 37.024000
15 18 4.453759
17 18 28.414878
