15 34 1 554 136 0
48.497703
19.487001
36.053487
41.018239
16.938602
43.541952
42.570446
28.872265
37.010436
6.966077
45.841804
21.638656
5.967751
36.448216
43.651075
0 10 28.751532
0 9 35.695141
0 8 25.667573
0 4 33.852863
1 10 31.492021
1 9 31.085223
1 8 11.950110
1 5 5.770565
1 4 15.795068
1 3 19.448426
2 14 42.196168
2 12 49.383753
2 9 0.000814
2 7 16.910237
3 9 12.317581
3 6 15.290546
3 5 41.276730
4 13 22.208070
4 11 47.979535
4 10 23.032981
4 6 44.639017
5 8 47.169382
5 7 21.415568
6 9 39.984066
7 14 28.197513
7 12 44.023943
7 10 22.422870
8 12 41.462113
8 9 49.757526
9 13 44.063155
9 11 11.730803
10 11 3.144219
12 14 10.339388
13 14 19.951834
