16 27 1 50775 1033 0
49.790072
13.183597
32.159448
4.765988
11.021402
43.964005
16.181809
19.549317
43.214967
47.171884
1.894691
23.408101
33.485977
9.750242
18.370948
38.572131
0 6 19.092531
0 4 0.949220
0 2 34.119537
1 13 29.543533
1 11 2.418499
3 12 31.364323
3 10 3.010560
3 6 14.132026
3 5 0.876080
4 15 7.566620
4 12 40.255479
4 7 31.446799
4 6 20.920313
5 11 6.878547
5 10 43.091732
5 9 42.978422
6 14 15.489414
6 12 37.191471
6 11 39.163394
7 14 32.533261
8 15 44.961681
8 14 14.357756
8 12 1.590067
10 15 0.772873
10 13 24.781256
10 12 14.363630
11 12 32.087923
