15 34 1 48350 932 0
29.881610
9.886651
26.669885
32.831240
47.266434
4.613871
14.191769
48.455288
24.260723
21.705188
5.496980
6.593993
9.346420
28.288213
38.651444
0 10 4.519186
0 9 41.918383
0 8 10.428250
0 4 36.115085
1 10 30.181551
1 9 37.864432
1 8 21.351100
1 5 44.756661
1 4 46.090762
1 3 33.177264
2 14 1.909746
2 12 43.113771
2 9 12.051858
2 7 5.862014
3 9 24.165379
3 6 7.297294
3 5 23.187883
4 13 2.989484
4 11 21.227483
4 10 4.981569
4 6 44.653420
5 8 38.425767
5 7 9.055153
6 9 22.511899
7 14 37.825740
7 12 34.067917
7 10 43.480297
8 12 40.100521
8 9 42.000647
9 13 24.178005
9 11 30.112761
10 11 44.850592
12 14 30.690975
13 14 36.916777
