17 35 1 49640 95 0
27.756118
20.377543
30.506272
29.554360
26.827602
17.346723
21.955872
2.567621
30.874170
45.697593
49.693183
19.662807
42.044737
46.861862
9.537645
10.082136
4.485295
0 13 24.100209
0 11 32.999542
0 6 21.617361
0 3 4.441219
0 2 24.815552
1 3 46.412429
1 2 35.206780
2 16 29.683183
2 12 11.372908
2 4 32.411926
3 15 31.193415
3 13 9.593801
3 11 34.672730
3 7 18.935744
3 4 38.794252
4 16 36.019886
4 12 27.545177
4 11 4.137992
5 13 4.715722
6 14 21.502891
6 11 2.502967
7 13 31.458339
7 10 48.781956
7 8 43.294071
8 13 20.379065
8 12 38.874494
8 10 10.685543
9 16 28.463488
9 13 27.724902
9 10 26.892864
10 13 26.417112
11 13 29.413616
12 16 31.932178
12 14 3.124828
15 16 42.130819
