18 32 1 50650 293 0
28.138998
33.191631
26.070723
30.706617
32.614385
29.230878
42.783973
7.544515
46.401682
6.261534
36.181167
30.844174
37.567793
14.398210
11.764507
12.691012
36.475147
11.243365
0 7 3.538500
0 2 26.655941
1 17 32.669430
1 7 11.634372
2 16 27.762813
2 14 22.012232
2 10 27.086533
2 9 38.740969
3 16 30.857847
3 8 32.388134
4 9 28.899869
4 7 29.903355
5 17 9.633990
5 10 29.479246
5 9 30.162160
5 6 32.641863
6 13 21.523558
7 16 0.543317
7 15 43.228533
7 13 9.689726
7 12 18.972511
8 17 26.540684
9 16 31.853188
11 17 49.216300
11 16 36.637007
11 12 36.352856
12 13 10.394250
13 17 30.617912
13 16 33.727359
13 15 41.426737
15 17 26.051550
15 16 47.590179
