15 34 1 5108 6 0
2.280244
17.976041
46.460552
15.379790
28.048336
0.186742
41.698946
8.050511
37.033764
48.358970
16.472880
12.690356
5.695376
19.906811
7.870474
0 10 40.540070
0 9 32.916467
0 8 36.921829
0 4 16.922387
1 10 7.898649
1 9 24.446114
1 8 31.014945
1 5 42.265588
1 4 23.495543
1 3 26.276018
2 14 38.289964
2 12 30.574280
2 9 13.496523
2 7 12.813355
3 9 34.628626
3 6 34.057353
3 5 31.080305
4 13 46.656251
4 11 39.982902
4 10 44.769267
4 6 41.643578
5 8 40.798538
5 7 40.430680
6 9 2.473989
7 14 43.305754
7 12 2.801557
7 10 5.212766
8 12 27.936194
8 9 12.309086
9 13 44.896168
9 11 23.469715
10 11 22.106407
12 14 45.927340
13 14 22.552154
