17 35 1 45277 255 0
18.353235
48.019342
7.973296
5.742851
18.950047
22.459051
20.569762
41.514606
1.847162
28.974166
22.004879
49.994559
13.410791
34.659644
47.858726
49.774958
10.394680
0 13 11.746224
0 11 7.841798
0 6 18.960690
0 3 9.574811
0 2 20.274611
1 3 37.527740
1 2 2.073702
2 16 49.728371
2 12 45.815824
2 4 19.043091
3 15 26.040984
3 13 20.122037
3 11 32.562576
3 7 18.425940
3 4 17.975322
4 16 27.616900
4 12 3.543997
4 11 26.321469
5 13 19.648538
6 14 26.150619
6 11 7.974473
7 13 21.298285
7 10 1.520886
7 8 10.141220
8 13 26.497878
8 12 15.611584
8 10 39.742008
9 16 7.554011
9 13 5.850216
9 10 39.526804
10 13 44.180849
11 13 3.547083
12 16 2.602401
12 14 20.229533
15 16 15.764832
