19 44 1 49025 363 0
43.125793
29.242595
20.486914
31.727867
47.190165
22.387731
24.587495
14.449884
30.922645
47.232601
10.590014
15.547732
42.229685
0.472079
25.152552
5.689354
20.031779
47.409756
20.170363
0 14 32.490432
0 12 45.136485
0 6 3.237149
0 3 8.060017
0 2 30.393747
1 18 40.138888
1 17 36.368473
1 7 41.125340
1 6 16.571647
1 5 42.683836
2 18 44.435716
2 16 41.611545
2 13 32.146121
2 10 35.136000
3 18 12.115402
3 14 8.005838
3 13 15.394692
3 9 49.735888
3 6 29.682830
4 18 34.594740
4 10 1.038586
4 7 30.715003
5 18 44.115111
5 12 5.503399
5 10 35.353414
6 17 41.708289
6 15 38.103672
6 13 39.772578
6 10 25.403458
7 18 8.085268
7 9 7.454333
7 8 32.124695
8 17 19.233429
8 15 41.480866
9 18 39.656489
9 11 8.992836
10 16 0.809234
11 18 28.102134
13 16 11.548181
14 18 5.611102
14 16 31.792768
14 15 26.690724
15 18 30.639226
17 18 40.146233
