16 27 1 42025 288 0
16.832899
5.098132
33.252910
2.249437
5.882573
10.062830
10.030772
1.379372
7.905715
37.695753
33.997418
19.686745
6.274086
45.942940
37.968770
28.619903
0 6 2.487340
0 4 48.835724
0 2 10.939460
1 13 38.134071
1 11 45.960683
3 12 8.554748
3 10 4.749397
3 6 42.156707
3 5 41.751558
4 15 23.831733
4 12 35.472446
4 7 49.013503
4 6 21.558258
5 11 13.064907
5 10 28.953861
5 9 6.452247
6 14 11.268907
6 12 7.127627
6 11 45.823208
7 14 3.184522
8 15 42.531690
8 14 9.878800
8 12 48.392696
10 15 18.863382
10 13 27.445123
10 12 37.778385
11 12 26.557620
