16 27 1 42012 25 0
22.055806
24.453335
23.613685
22.593874
40.894696
42.242245
7.439717
38.209431
2.982843
1.655206
42.978188
35.218795
11.010012
26.479368
7.263539
26.063043
0 6 23.784988
0 4 22.364797
0 2 21.032966
1 13 37.121246
1 11 40.913352
3 12 6.500995
3 10 44.598879
3 6 47.870006
3 5 28.437770
4 15 39.248559
4 12 13.725935
4 7 7.541897
4 6 48.343483
5 11 1.927573
5 10 26.999453
5 9 35.416538
6 14 26.809920
6 12 45.496800
6 11 27.664981
7 14 11.781030
8 15 11.945521
8 14 22.345816
8 12 22.266460
10 15 23.199086
10 13 41.699512
10 12 20.036696
11 12 9.135921
