17 35 1 46483 166 0
43.465559
46.064865
13.211749
29.402837
15.633418
36.702697
3.943569
30.504958
7.839937
11.733524
30.072207
34.342642
27.426799
47.567220
39.502525
44.618751
41.234062
0 13 4.175113
0 11 18.548019
0 6 1.802794
0 3 33.088592
0 2 40.342854
1 3 42.183593
1 2 15.374751
2 16 28.468768
2 12 6.226753
2 4 27.073033
3 15 11.815174
3 13 0.769386
3 11 37.650198
3 7 0.975496
3 4 24.614554
4 16 26.451480
4 12 43.563991
4 11 12.116224
5 13 40.547827
6 14 6.425235
6 11 24.737375
7 13 15.893890
7 10 41.623832
7 8 1.551741
8 13 2.234262
8 12 40.780035
8 10 36.202766
9 16 37.598134
9 13 26.661450
9 10 9.070381
10 13 34.167877
11 13 30.065670
12 16 30.521361
12 14 23.098653
15 16 37.386709
