15 34 1 43910 193 0
25.352664
22.329591
32.930300
23.149497
23.389416
2.915090
4.424832
44.255413
5.451344
46.447469
39.226780
22.655543
12.129944
6.378847
45.333609
0 10 27.249246
0 9 19.821141
0 8 39.763818
0 4 11.839300
1 10 4.204756
1 9 27.156207
1 8 38.606162
1 5 8.169231
1 4 25.871608
1 3 12.967020
2 14 3.888239
2 12 3.445937
2 9 21.333454
2 7 37.370433
3 9 12.023351
3 6 39.322606
3 5 14.273523
4 13 9.642446
4 11 27.615227
4 10 15.940423
4 6 21.556472
5 8 6.022424
5 7 43.615573
6 9 40.199354
7 14 44.690479
7 12 18.508286
7 10 19.048483
8 12 46.722370
8 9 21.847630
9 13 34.370933
9 11 27.842082
10 11 23.143576
12 14 32.837286
13 14 46.152946
