18 32 1 4866 176 0
31.200380
40.057690
42.019381
39.999166
5.705463
23.854155
27.944735
39.029419
6.667662
9.814080
14.377135
39.575317
9.650589
22.194252
9.657052
13.453235
46.308365
22.999111
0 7 19.117111
0 2 5.775098
1 17 34.899974
1 7 42.570332
2 16 30.476069
2 14 16.912027
2 10 33.092452
2 9 5.658544
3 16 38.111574
3 8 48.965989
4 9 0.393425
4 7 25.870389
5 17 45.208968
5 10 36.964812
5 9 48.974212
5 6 27.865131
6 13 25.429153
7 16 3.653316
7 15 0.850227
7 13 19.481375
7 12 6.762308
8 17 46.927149
9 16 34.505810
11 17 14.966593
11 16 13.949699
11 12 38.673693
12 13 19.566232
13 17 29.113683
13 16 0.065059
13 15 19.641220
15 17 49.351672
15 16 17.130595
