18 32 1 44825 1479 0
25.817660
17.537410
5.800995
22.642857
23.032190
32.987471
10.419056
27.599362
44.021060
36.549748
0.063969
32.627105
17.777489
18.241801
46.155369
1.859940
12.479894
47.618123
0 7 6.609727
0 2 26.257128
1 17 3.057759
1 7 30.696132
2 16 28.457728
2 14 10.766244
2 10 4.106371
2 9 48.590119
3 16 9.226760
3 8 42.894837
4 9 49.221671
4 7 6.195564
5 17 19.543001
5 10 17.527441
5 9 25.832994
5 6 13.316492
6 13 25.026363
7 16 3.632072
7 15 40.292788
7 13 15.366304
7 12 17.208191
8 17 49.803225
9 16 12.716452
11 17 31.221928
11 16 20.015651
11 12 41.589028
12 13 11.032661
13 17 18.522962
13 16 21.757647
13 15 46.274032
15 17 16.057738
15 16 30.033362
