16 27 1 44725 308 0
18.328227
1.138533
46.590808
36.914264
5.788351
42.096230
22.120858
36.535746
42.288721
11.850681
10.650586
47.377771
19.707647
16.767555
47.876018
41.565802
0 6 16.059007
0 4 47.638018
0 2 47.179449
1 13 0.608213
1 11 2.945172
3 12 10.347464
3 10 48.879241
3 6 5.457225
3 5 38.482202
4 15 4.121733
4 12 44.144264
4 7 30.806299
4 6 38.093272
5 11 33.810756
5 10 8.224440
5 9 49.366722
6 14 7.384787
6 12 14.549639
6 11 39.766712
7 14 47.788442
8 15 29.875351
8 14 41.574370
8 12 45.479575
10 15 45.962061
10 13 49.079629
10 12 28.232330
11 12 26.326384
