18 32 1 49583 502 0
49.240961
16.400821
14.575237
7.291352
5.192078
20.525691
41.813051
18.270354
6.515001
15.886963
42.831213
11.289059
13.231247
16.092673
21.176307
23.977250
30.381445
8.528278
0 7 38.588759
0 2 6.493233
1 17 27.418685
1 7 6.481567
2 16 41.872906
2 14 1.287310
2 10 12.675582
2 9 26.561988
3 16 7.819622
3 8 47.776511
4 9 0.024420
4 7 15.519636
5 17 15.580571
5 10 8.948306
5 9 2.728133
5 6 45.285156
6 13 11.082601
7 16 48.636885
7 15 0.061512
7 13 39.449632
7 12 35.898611
8 17 2.095585
9 16 41.265212
11 17 25.825012
11 16 10.411639
11 12 48.717506
12 13 27.893035
13 17 3.291693
13 16 42.988024
13 15 30.230484
15 17 1.569750
15 16 37.033048
