15 34 1 5220 249 0
32.417990
6.832499
49.030146
4.585727
13.266204
29.687399
26.180712
25.811306
6.149830
37.910305
13.011554
42.437489
10.155331
19.793070
2.581921
0 10 44.782211
0 9 9.290803
0 8 46.461033
0 4 3.390215
1 10 2.570784
1 9 12.578655
1 8 47.712132
1 5 23.242409
1 4 41.704706
1 3 23.009826
2 14 43.341112
2 12 22.471145
2 9 8.847055
2 7 32.163972
3 9 20.536780
3 6 3.866465
3 5 26.263445
4 13 27.607220
4 11 12.586226
4 10 1.377614
4 6 22.007759
5 8 8.061179
5 7 23.242985
6 9 43.699571
7 14 11.378497
7 12 11.238123
7 10 19.406623
8 12 23.872027
8 9 44.090717
9 13 29.538222
9 11 7.993042
10 11 29.946489
12 14 46.561955
13 14 6.980964
