17 35 1 47220 52 0
41.364476
21.985150
43.139598
31.638700
15.020237
27.741519
41.391650
34.551612
46.739211
43.598200
16.912446
34.613389
15.384778
0.588578
45.738355
49.582267
21.636704
0 13 34.041949
0 11 48.338847
0 6 27.287571
0 3 34.339528
0 2 46.204423
1 3 5.356547
1 2 14.430242
2 16 2.544325
2 12 11.908418
2 4 1.435629
3 15 25.574675
3 13 36.389148
3 11 2.899687
3 7 34.557654
3 4 16.740892
4 16 25.124969
4 12 6.507414
4 11 31.171192
5 13 0.584809
6 14 29.549294
6 11 34.943345
7 13 7.969082
7 10 3.674660
7 8 35.788979
8 13 44.696432
8 12 5.233014
8 10 23.211849
9 16 39.443983
9 13 12.624699
9 10 29.599801
10 13 8.141557
11 13 30.148433
12 16 28.188586
12 14 48.443957
15 16 26.830344
