15 34 1 43520 56 0
14.817703
44.050229
33.458911
20.512275
29.208863
1.310314
45.457216
45.971578
4.469667
25.554497
14.868834
37.151826
35.442541
47.452557
47.132802
0 10 42.515325
0 9 34.970075
0 8 12.217807
0 4 41.332819
1 10 31.036807
1 9 20.467593
1 8 22.017865
1 5 17.811760
1 4 33.035046
1 3 9.619439
2 14 41.070852
2 12 49.004537
2 9 15.399420
2 7 1.911263
3 9 10.001575
3 6 49.684049
3 5 25.853972
4 13 22.501859
4 11 24.451296
4 10 45.988409
4 6 7.906603
5 8 28.632289
5 7 34.673345
6 9 6.084995
7 14 8.306039
7 12 21.255713
7 10 26.634187
8 12 36.419321
8 9 44.819285
9 13 44.584854
9 11 37.694404
10 11 7.337761
12 14 28.923027
13 14 1.620155
