19 44 1 50345 204 0
32.038550
8.816606
18.078481
38.287026
27.007214
14.854513
13.893075
25.871474
14.266002
17.101852
26.033702
13.998433
18.333377
13.979105
0.169202
5.747082
10.471636
8.278851
37.533003
0 14 34.740661
0 12 0.203295
0 6 43.117083
0 3 5.059440
0 2 15.140632
1 18 15.602129
1 17 23.534904
1 7 23.677795
1 6 1.425949
1 5 25.715006
2 18 2.798310
2 16 3.331125
2 13 11.150234
2 10 16.965944
3 18 27.781865
3 14 4.430319
3 13 35.693481
3 9 18.306711
3 6 44.893085
4 18 11.176869
4 10 14.862505
4 7 15.633031
5 18 1.197733
5 12 0.219340
5 10 27.843135
6 17 29.921104
6 15 18.751204
6 13 47.438188
6 10 0.562458
7 18 46.798754
7 9 39.648928
7 8 40.866850
8 17 5.862687
8 15 4.152973
9 18 32.539712
9 11 10.789489
10 16 42.108840
11 18 35.799626
13 16 15.733346
14 18 45.930254
14 16 11.953312
14 15 24.217925
15 18 9.103587
17 18 10.605954
