15 34 1 5457 277 0
7.659463
32.601101
49.641232
37.730608
0.849870
20.413845
22.287356
32.333850
36.252991
46.467873
48.443151
24.981590
23.725344
49.101682
40.151136
0 10 3.316289
0 9 15.541072
0 8 25.885256
0 4 1.704077
1 10 41.108429
1 9 45.802098
1 8 36.386924
1 5 49.214349
1 4 49.824590
1 3 27.575462
2 14 32.665320
2 12 9.842555
2 9 34.242298
2 7 13.442321
3 9 30.035772
3 6 49.375024
3 5 2.158426
4 13 3.536747
4 11 46.033541
4 10 46.057525
4 6 3.178153
5 8 7.656084
5 7 34.024750
6 9 17.499307
7 14 38.685883
7 12 21.404539
7 10 43.064077
8 12 36.350373
8 9 37.557521
9 13 36.530264
9 11 12.336698
10 11 0.945354
12 14 0.821384
13 14 42.538806
