19 44 1 4650 447 0
22.912876
41.538967
5.221090
37.981736
1.424758
40.288739
30.518594
13.666620
2.617619
36.632851
3.147121
29.843567
30.674414
40.620607
1.490080
17.858809
48.015301
28.106881
22.627542
0 14 6.968423
0 12 11.190449
0 6 38.851987
0 3 29.100650
0 2 43.797139
1 18 30.775396
1 17 42.421836
1 7 30.278113
1 6 23.739121
1 5 10.922166
2 18 23.184471
2 16 40.552862
2 13 28.229431
2 10 4.518118
3 18 29.188770
3 14 18.715782
3 13 25.972263
3 9 47.812106
3 6 12.783597
4 18 25.160475
4 10 46.421716
4 7 31.637759
5 18 28.250234
5 12 19.247124
5 10 32.482724
6 17 39.395096
6 15 27.724307
6 13 8.695233
6 10 11.121427
7 18 2.041979
7 9 45.838350
7 8 26.467391
8 17 0.663993
8 15 36.634864
9 18 1.192253
9 11 20.028325
10 16 17.731210
11 18 36.457521
13 16 13.581957
14 18 47.970798
14 16 35.873936
14 15 1.731876
15 18 17.313852
17 18 19.551982
