15 34 1 50660 1671 0
10.311184
11.457822
47.586282
29.283695
43.159780
24.126965
25.342739
25.012968
39.408618
24.559039
37.724004
26.045625
6.163473
24.076860
41.582501
0 10 16.557723
0 9 22.200413
0 8 24.060429
0 4 28.012700
1 10 8.349120
1 9 35.540126
1 8 35.447704
1 5 7.692325
1 4 43.984806
1 3 9.628921
2 14 12.309927
2 12 48.611240
2 9 23.164505
2 7 25.046898
3 9 29.333751
3 6 40.792632
3 5 39.456828
4 13 32.477437
4 11 45.290615
4 10 1.467205
4 6 12.571437
5 8 9.563964
5 7 20.680953
6 9 10.061780
7 14 36.406435
7 12 37.934260
7 10 3.446588
8 12 36.039256
8 9 9.715778
9 13 25.821223
9 11 10.209913
10 11 34.941002
12 14 29.606899
13 14 13.183999
