17 35 1 46840 1441 0
49.802014
9.066575
5.900710
0.020220
0.139361
24.641298
28.730837
31.902922
5.427432
44.276476
24.674487
25.796298
35.477270
19.994678
34.951780
33.351470
27.959757
0 13 35.501016
0 11 28.950335
0 6 42.508258
0 3 21.440417
0 2 21.818708
1 3 31.866371
1 2 32.852004
2 16 41.986704
2 12 7.392521
2 4 42.057939
3 15 20.737761
3 13 37.461250
3 11 48.635348
3 7 0.491508
3 4 48.209328
4 16 46.589783
4 12 26.853742
4 11 35.340791
5 13 16.108579
6 14 34.770374
6 11 36.832952
7 13 30.111977
7 10 18.128556
7 8 11.603534
8 13 14.105605
8 12 7.554895
8 10 27.622334
9 16 49.857603
9 13 8.273694
9 10 44.887709
10 13 34.192089
11 13 40.193367
12 16 17.017611
12 14 30.407830
15 16 32.315367
