19 44 1 47842 27 0
35.257029
16.061112
26.929628
46.029347
27.210487
16.508700
40.713386
1.462861
10.786076
23.301854
37.775492
46.258798
13.861325
23.981762
11.731557
32.649601
5.918487
35.335462
18.405414
0 14 15.869895
0 12 41.360569
0 6 6.747325
0 3 14.186252
0 2 20.221014
1 18 29.338487
1 17 35.563036
1 7 20.948545
1 6 22.610086
1 5 22.305769
2 18 48.243322
2 16 11.848440
2 13 9.468947
2 10 6.233677
3 18 41.748689
3 14 10.523963
3 13 48.112537
3 9 3.133885
3 6 25.830805
4 18 36.859126
4 10 17.626144
4 7 40.070737
5 18 11.597213
5 12 34.781562
5 10 48.476528
6 17 8.280246
6 15 2.694954
6 13 41.221970
6 10 5.958887
7 18 4.282449
7 9 39.024785
7 8 5.326160
8 17 16.690943
8 15 41.997185
9 18 25.780183
9 11 38.573568
10 16 45.053925
11 18 46.595507
13 16 39.663587
14 18 40.858436
14 16 38.464400
14 15 34.859966
15 18 19.267368
17 18 3.323255
