15 34 1 3988 319 0
20.480384
19.999129
20.522326
31.696828
43.338765
37.112615
11.724072
24.111094
39.205078
2.308430
44.882762
35.378240
42.302330
45.317603
43.796519
0 10 21.329442
0 9 45.004908
0 8 17.682020
0 4 23.723899
1 10 10.254833
1 9 10.086556
1 8 33.820058
1 5 31.172931
1 4 31.398607
1 3 11.808252
2 14 44.510826
2 12 24.819508
2 9 38.125945
2 7 13.504682
3 9 19.430268
3 6 17.300705
3 5 24.176408
4 13 28.274843
4 11 48.015625
4 10 16.784432
4 6 14.331936
5 8 13.045651
5 7 37.789211
6 9 39.437920
7 14 45.390642
7 12 32.283254
7 10 0.167039
8 12 8.523388
8 9 34.230700
9 13 11.797169
9 11 30.850355
10 11 44.420678
12 14 41.403486
13 14 46.885192
