15 34 1 45925 229 0
0.898203
24.778266
12.083543
19.375577
15.839449
24.192721
5.476135
19.809113
35.885257
39.431712
4.094574
19.032426
18.852392
2.140795
1.320041
0 10 23.807449
0 9 12.788026
0 8 10.845653
0 4 8.837690
1 10 22.772780
1 9 36.386905
1 8 44.486811
1 5 6.627805
1 4 9.420037
1 3 47.604095
2 14 47.245520
2 12 34.271749
2 9 7.682073
2 7 21.149206
3 9 42.555854
3 6 28.034539
3 5 24.757814
4 13 46.606241
4 11 0.500216
4 10 2.884951
4 6 34.018371
5 8 48.300006
5 7 47.793690
6 9 14.025733
7 14 36.333881
7 12 36.009340
7 10 33.426643
8 12 0.634034
8 9 43.984551
9 13 17.823214
9 11 45.073241
10 11 2.903707
12 14 36.680319
13 14 5.434523
