18 32 1 4511 125 0
8.718968
24.024555
11.833033
24.914079
12.971920
13.477281
0.587883
8.017910
39.524063
37.335664
32.551822
39.488833
32.097982
28.607330
46.311037
43.434363
8.117991
7.581208
0 7 46.039911
0 2 40.615893
1 17 12.784287
1 7 1.529534
2 16 48.572631
2 14 33.242538
2 10 4.966246
2 9 11.526987
3 16 16.875585
3 8 30.276560
4 9 32.516817
4 7 4.799133
5 17 9.289456
5 10 43.675970
5 9 30.331477
5 6 13.181701
6 13 37.190099
7 16 40.181606
7 15 30.868636
7 13 0.472327
7 12 7.872983
8 17 16.943698
9 16 25.676371
11 17 29.638509
11 16 2.969592
11 12 10.015425
12 13 29.715691
13 17 0.555048
13 16 1.711672
13 15 44.605641
15 17 46.024979
15 16 8.414537
