15 34 1 43340 314 0
26.501717
45.917519
36.050566
21.077305
45.279405
20.967492
27.310483
5.610675
17.299293
2.719099
25.131932
9.359479
13.894545
24.278234
5.465228
0 10 31.715034
0 9 21.896035
0 8 14.283428
0 4 49.620269
1 10 46.475515
1 9 5.558636
1 8 3.373709
1 5 24.861322
1 4 18.861095
1 3 22.779763
2 14 16.058246
2 12 17.248882
2 9 11.046548
2 7 46.800853
3 9 33.862527
3 6 25.871255
3 5 2.392537
4 13 21.274658
4 11 37.319714
4 10 44.548205
4 6 5.390549
5 8 32.016228
5 7 42.466219
6 9 45.493454
7 14 27.656391
7 12 1.265713
7 10 12.020472
8 12 15.383557
8 9 38.482577
9 13 43.473046
9 11 33.263498
10 11 37.922665
12 14 17.111591
13 14 2.332000
