19 44 1 50833 404 0
0.392949
34.427912
46.124636
44.320591
21.619383
45.733587
33.483985
38.354387
28.266848
25.065877
33.316068
42.164431
39.423633
31.288309
43.754498
17.913415
32.061183
46.220646
42.694671
0 14 40.400676
0 12 7.731406
0 6 6.394704
0 3 25.496835
0 2 11.624314
1 18 7.790272
1 17 33.304311
1 7 38.384171
1 6 13.837566
1 5 11.108886
2 18 12.384606
2 16 35.508021
2 13 25.598397
2 10 48.303536
3 18 48.857513
3 14 36.206482
3 13 5.108457
3 9 11.746789
3 6 0.176475
4 18 47.049783
4 10 20.154986
4 7 4.060324
5 18 47.058238
5 12 31.084199
5 10 26.562253
6 17 13.087757
6 15 28.367848
6 13 43.495897
6 10 15.392109
7 18 47.478056
7 9 36.323615
7 8 3.507812
8 17 27.622427
8 15 2.935234
9 18 2.498225
9 11 39.599690
10 16 4.825071
11 18 26.112508
13 16 36.104509
14 18 12.779114
14 16 49.389792
14 15 1.613622
15 18 24.462650
17 18 31.723885
