16 27 1 48033 729 0
38.519425
5.247345
7.055006
32.354069
34.434605
19.424248
2.703012
41.715159
6.725858
49.255417
47.808242
20.255115
41.729283
14.890700
23.089611
0.269582
0 6 47.457158
0 4 32.595379
0 2 45.068138
1 13 34.213897
1 11 46.272687
3 12 0.399175
3 10 27.660844
3 6 3.644379
3 5 17.266395
4 15 48.534338
4 12 30.123634
4 7 43.416159
4 6 0.492768
5 11 7.104606
5 10 6.115102
5 9 42.491633
6 14 22.406811
6 12 7.878310
6 11 25.916791
7 14 30.435230
8 15 27.089687
8 14 31.025895
8 12 42.853456
10 15 20.930801
10 13 45.369659
10 12 11.820851
11 12 20.702490
