19 44 1 42458 812 0
4.912744
31.846697
44.489797
13.979750
49.651912
23.897852
36.221755
3.924856
3.843881
17.312143
6.741630
9.457699
7.730945
26.617364
37.723644
18.500110
28.927726
19.633040
35.993598
0 14 21.907510
0 12 36.546581
0 6 42.901870
0 3 31.388938
0 2 36.374513
1 18 42.228711
1 17 21.052350
1 7 37.859797
1 6 23.727321
1 5 21.253854
2 18 15.601530
2 16 34.393806
2 13 46.296942
2 10 12.782873
3 18 39.938896
3 14 0.790650
3 13 1.441460
3 9 17.171322
3 6 47.277411
4 18 26.717363
4 10 14.699865
4 7 27.021924
5 18 43.021482
5 12 20.784314
5 10 26.639370
6 17 44.400979
6 15 30.604164
6 13 17.300129
6 10 39.805955
7 18 41.698158
7 9 12.498915
7 8 41.591257
8 17 29.826038
8 15 8.283704
9 18 7.322839
9 11 10.755374
10 16 3.947141
11 18 7.774918
13 16 2.659019
14 18 13.717425
14 16 20.597400
14 15 21.539289
15 18 36.913190
17 18 28.102671
