19 44 1 42375 1190 0
20.500043
14.729448
21.216505
23.801613
9.992593
34.115028
45.636078
12.413174
13.133181
19.044149
0.471174
35.739034
49.743910
6.218842
29.042184
28.184220
45.185383
43.869264
9.594987
0 14 25.317990
0 12 10.494900
0 6 6.578777
0 3 39.908188
0 2 32.004339
1 18 14.752771
1 17 18.894986
1 7 12.011304
1 6 39.474811
1 5 38.332678
2 18 9.259513
2 16 2.359159
2 13 7.120737
2 10 24.040731
3 18 3.763384
3 14 44.899944
3 13 22.608389
3 9 23.568263
3 6 19.586350
4 18 39.320107
4 10 11.871395
4 7 42.385488
5 18 33.555097
5 12 23.462981
5 10 0.523124
6 17 24.917894
6 15 19.172485
6 13 4.781185
6 10 35.855055
7 18 11.598178
7 9 46.731911
7 8 18.699814
8 17 11.892966
8 15 48.527465
9 18 5.744528
9 11 33.070005
10 16 41.920451
11 18 48.382303
13 16 29.852285
14 18 48.505457
14 16 33.640943
14 15 40.158047
15 18 0.700404
17 18 29.106650
