16 27 1 43440 924 0
0.871732
2.056846
7.892756
44.955335
43.234937
43.823514
33.285995
23.866292
6.874584
11.357164
5.278225
24.702356
47.442061
38.736448
41.021467
3.561156
0 6 42.755557
0 4 2.781469
0 2 27.468791
1 13 0.269270
1 11 30.289189
3 12 3.599871
3 10 6.302569
3 6 37.237249
3 5 13.522518
4 15 2.129636
4 12 38.953520
4 7 30.623748
4 6 46.772795
5 11 20.530459
5 10 24.638421
5 9 47.776011
6 14 32.767402
6 12 23.212108
6 11 39.133526
7 14 3.281104
8 15 37.513019
8 14 14.455204
8 12 18.346647
10 15 0.989889
10 13 46.822459
10 12 38.626620
11 12 38.535155
