16 27 1 50866 1249 0
12.886480
7.612193
14.664641
40.508908
22.866794
17.599874
18.307810
25.365019
17.584891
7.907500
48.018230
22.409962
1.567514
24.130738
24.293272
37.672023
0 6 31.327445
0 4 0.338785
0 2 12.939258
1 13 8.474876
1 11 47.061926
3 12 27.256667
3 10 19.400703
3 6 7.203447
3 5 38.973241
4 15 22.796091
4 12 39.467962
4 7 37.205053
4 6 49.011400
5 11 29.462815
5 10 9.354021
5 9 38.250938
6 14 40.828473
6 12 21.398702
6 11 40.542130
7 14 41.169639
8 15 20.072339
8 14 21.574936
8 12 49.787354
10 15 21.760225
10 13 0.646470
10 12 0.600630
11 12 35.660216
