16 27 1 49433 1157 0
38.059988
17.371183
49.930466
14.413560
20.574106
23.113435
20.478658
20.499915
44.674428
24.797742
8.651141
1.955408
48.064978
27.644437
45.559418
3.366699
0 6 6.385228
0 4 41.199165
0 2 18.407491
1 13 14.960067
1 11 11.675251
3 12 22.014187
3 10 4.092456
3 6 35.655130
3 5 44.322706
4 15 6.566004
4 12 8.699032
4 7 35.396728
4 6 1.842404
5 11 5.328868
5 10 21.692305
5 9 3.274081
6 14 26.578309
6 12 23.473308
6 11 4.078178
7 14 1.761086
8 15 6.992613
8 14 32.227191
8 12 0.726796
10 15 3.237513
10 13 3.467918
10 12 9.946316
11 12 36.848179
