19 44 1 49777 202 0
40.486574
14.965865
1.297274
42.316506
32.447440
28.879918
21.275264
19.623453
14.949890
29.894062
46.342751
32.847218
24.918098
15.166637
23.669081
2.181242
1.099533
27.432914
44.421212
0 14 49.864470
0 12 18.323869
0 6 6.911597
0 3 10.450194
0 2 8.885454
1 18 14.617481
1 17 31.216322
1 7 13.347265
1 6 12.030785
1 5 44.808092
2 18 7.177073
2 16 27.996990
2 13 49.620251
2 10 13.693371
3 18 44.263159
3 14 46.222706
3 13 28.502402
3 9 35.076694
3 6 47.119704
4 18 16.678477
4 10 36.256636
4 7 18.055148
5 18 10.879303
5 12 41.005786
5 10 23.629596
6 17 4.564327
6 15 10.516031
6 13 20.830959
6 10 25.724943
7 18 11.937776
7 9 25.650616
7 8 14.115731
8 17 22.707057
8 15 39.567017
9 18 44.719313
9 11 25.831919
10 16 37.541451
11 18 48.448906
13 16 25.289480
14 18 21.330842
14 16 25.268570
14 15 29.725744
15 18 8.456485
17 18 45.920884
