18 32 1 4375 672 0
23.168792
20.757890
20.106944
47.606771
41.834172
16.362766
48.684498
49.153837
34.905652
11.259307
43.833733
33.494253
15.182643
26.626322
25.217948
21.662651
32.638549
7.508293
0 7 33.811943
0 2 3.360215
1 17 12.879887
1 7 41.839175
2 16 16.586665
2 14 40.339766
2 10 36.606178
2 9 0.370619
3 16 11.115329
3 8 23.075888
4 9 41.358627
4 7 21.059133
5 17 41.475792
5 10 11.818682
5 9 7.904427
5 6 24.202034
6 13 34.920024
7 16 17.818533
7 15 15.269277
7 13 32.525233
7 12 8.588834
8 17 11.468671
9 16 36.373558
11 17 1.908134
11 16 4.044080
11 12 7.288713
12 13 32.965561
13 17 30.595067
13 16 14.589623
13 15 41.135093
15 17 36.870981
15 16 14.210420
