17 35 1 47477 236 0
25.365345
5.436381
30.876616
30.371128
8.419475
21.331998
38.701290
4.000070
2.087946
42.456139
25.839914
12.572289
12.888407
9.576056
3.004534
15.634403
49.039406
0 13 28.243125
0 11 7.031379
0 6 36.194433
0 3 32.718746
0 2 31.766338
1 3 9.822372
1 2 11.654710
2 16 18.908384
2 12 11.663250
2 4 25.510566
3 15 37.980801
3 13 35.083194
3 11 5.350550
3 7 43.325348
3 4 0.660017
4 16 13.966012
4 12 47.646955
4 11 47.208436
5 13 12.872567
6 14 35.943635
6 11 10.445042
7 13 38.181944
7 10 26.552641
7 8 39.190844
8 13 6.369839
8 12 21.211139
8 10 44.212046
9 16 24.787581
9 13 3.949815
9 10 14.489203
10 13 27.072679
11 13 33.512974
12 16 49.452607
12 14 8.561023
15 16 10.648593
