16 27 1 46810 261 0
17.623159
17.115928
4.363519
23.384021
31.277712
17.734217
29.845144
6.790467
23.709740
11.720599
47.332247
31.736557
31.895315
1.728712
18.176047
48.847986
0 6 16.937083
0 4 32.569892
0 2 33.106562
1 13 19.076512
1 11 2.863466
3 12 36.423043
3 10 9.625197
3 6 25.859221
3 5 33.155214
4 15 0.632377
4 12 47.956958
4 7 21.223392
4 6 42.198120
5 11 3.403254
5 10 20.284352
5 9 22.941421
6 14 13.913907
6 12 41.402527
6 11 36.590837
7 14 20.266761
8 15 20.836682
8 14 23.498267
8 12 22.729090
10 15 7.710235
10 13 29.580229
10 12 20.317229
11 12 38.820132
