16 27 1 42725 172 0
5.511254
26.077032
26.723992
14.580219
16.275335
49.703461
26.797659
4.014011
10.220338
9.810697
25.561254
1.596808
2.264598
4.128115
18.298527
37.790489
0 6 10.075553
0 4 22.590898
0 2 28.241737
1 13 47.707206
1 11 44.138360
3 12 0.755356
3 10 17.732800
3 6 25.127774
3 5 12.277212
4 15 37.824273
4 12 1.555227
4 7 32.566558
4 6 24.432629
5 11 13.372372
5 10 12.255927
5 9 14.487716
6 14 33.463053
6 12 45.191020
6 11 9.501904
7 14 6.511565
8 15 49.662896
8 14 23.665413
8 12 43.467101
10 15 40.639751
10 13 0.644953
10 12 34.296859
11 12 43.085956
