15 34 1 50327 759 0
11.323517
23.313430
49.510050
44.188400
31.289742
2.206863
11.015648
7.113958
8.710733
38.063824
33.479222
8.245155
20.624318
47.685485
20.420019
0 10 36.485204
0 9 38.159433
0 8 35.500541
0 4 19.229365
1 10 36.512155
1 9 36.438376
1 8 31.457235
1 5 7.439104
1 4 37.405779
1 3 8.439977
2 14 12.042277
2 12 42.609827
2 9 19.357573
2 7 2.635456
3 9 1.297969
3 6 48.022747
3 5 36.438339
4 13 8.547129
4 11 44.372216
4 10 44.060186
4 6 46.774498
5 8 27.385882
5 7 6.580824
6 9 37.161659
7 14 15.577521
7 12 25.580782
7 10 6.248476
8 12 46.776033
8 9 48.864259
9 13 3.208777
9 11 49.732430
10 11 37.945402
12 14 37.413705
13 14 8.109649
