16 27 1 6333 661 0
47.062993
5.703768
20.831717
20.818097
32.432092
10.530879
25.652516
33.115682
34.200358
5.396400
43.449957
48.667170
14.019748
13.053553
36.312280
10.142442
0 6 33.318649
0 4 12.354928
0 2 27.746878
1 13 32.519251
1 11 15.456052
3 12 26.229795
3 10 5.185251
3 6 21.604748
3 5 45.263147
4 15 23.066341
4 12 2.967344
4 7 10.810922
4 6 4.115257
5 11 35.834872
5 10 17.314431
5 9 28.277446
6 14 20.812965
6 12 2.392015
6 11 26.919312
7 14 27.688913
8 15 19.411255
8 14 10.800564
8 12 43.478087
10 15 26.844750
10 13 24.841777
10 12 16.436474
11 12 48.629948
