18 32 1 7633 74 0
25.685216
26.275746
5.078181
18.310989
17.854236
47.399050
0.655690
1.239824
49.966073
5.686847
23.317239
11.467805
43.889573
26.899690
12.667224
30.644908
9.935553
20.509046
0 7 39.072091
0 2 12.152199
1 17 39.595184
1 7 49.421793
2 16 9.197663
2 14 40.715421
2 10 5.414891
2 9 28.584596
3 16 34.711626
3 8 7.892122
4 9 47.678656
4 7 41.054162
5 17 19.326000
5 10 47.895585
5 9 15.588644
5 6 2.502269
6 13 1.125160
7 16 48.387783
7 15 47.524032
7 13 42.038342
7 12 37.496481
8 17 9.030544
9 16 49.154399
11 17 3.404444
11 16 34.053972
11 12 19.233341
12 13 19.154760
13 17 2.728523
13 16 45.231239
13 15 20.473984
15 17 8.455246
15 16 15.480617
