15 34 1 6766 975 0
19.196323
6.400531
41.489852
19.210208
36.585012
14.914476
30.367194
30.405101
35.167755
33.475462
40.450042
4.692524
11.651652
14.021501
34.267496
0 10 23.910057
0 9 44.621312
0 8 36.473121
0 4 4.685966
1 10 11.235331
1 9 6.741243
1 8 34.011812
1 5 36.673146
1 4 12.193369
1 3 23.680204
2 14 29.658689
2 12 11.770772
2 9 23.762434
2 7 0.513831
3 9 6.897886
3 6 12.722455
3 5 31.444024
4 13 37.878789
4 11 43.919125
4 10 23.307046
4 6 12.781002
5 8 34.724076
5 7 23.045336
6 9 28.983167
7 14 14.470898
7 12 16.642282
7 10 41.258050
8 12 4.193376
8 9 23.659287
9 13 43.475443
9 11 19.242540
10 11 11.365115
12 14 13.541666
13 14 18.603708
