17 35 1 6566 1 0
23.271029
14.514311
42.739483
35.105699
20.579844
18.287849
32.189733
49.334640
41.044012
7.137291
47.399254
43.209771
35.496675
8.713920
13.624460
35.179606
45.801668
0 13 19.341612
0 11 31.756109
0 6 16.069347
0 3 11.315812
0 2 11.275626
1 3 17.902576
1 2 42.913232
2 16 26.170948
2 12 40.729906
2 4 28.007386
3 15 43.466380
3 13 0.061768
3 11 24.741280
3 7 36.100347
3 4 6.895998
4 16 29.256868
4 12 29.033589
4 11 7.274514
5 13 29.904534
6 14 14.655966
6 11 11.662665
7 13 44.080080
7 10 30.548965
7 8 12.003439
8 13 31.527676
8 12 30.296626
8 10 17.352851
9 16 25.597728
9 13 23.629932
9 10 25.549332
10 13 32.978028
11 13 6.763540
12 16 15.819176
12 14 7.114553
15 16 32.628380
