19 44 1 6987 2024 0
35.976539
13.952407
32.472932
27.995250
1.815111
22.667268
25.137362
42.044942
6.218531
9.835074
49.763200
10.476169
11.835953
20.185910
21.945187
46.802823
34.545737
13.180052
2.836105
0 14 14.479992
0 12 37.038485
0 6 20.413371
0 3 34.230744
0 2 16.139354
1 18 46.720486
1 17 7.440443
1 7 8.611697
1 6 12.488005
1 5 10.573055
2 18 37.497496
2 16 4.296147
2 13 32.244082
2 10 19.918852
3 18 9.027793
3 14 31.883010
3 13 14.433035
3 9 39.896203
3 6 45.382478
4 18 30.694676
4 10 45.590851
4 7 37.660597
5 18 38.088056
5 12 38.466988
5 10 27.551259
6 17 5.109008
6 15 19.448172
6 13 13.022420
6 10 33.887210
7 18 30.739159
7 9 16.040176
7 8 16.422788
8 17 31.543663
8 15 15.319617
9 18 30.445938
9 11 38.447973
10 16 23.429455
11 18 29.068083
13 16 22.380864
14 18 12.093571
14 16 16.575114
14 15 14.980878
15 18 26.607733
17 18 37.715541
