16 27 1 7140 361 0
32.594399
40.352075
0.121800
8.260432
32.517821
8.208262
36.694352
45.688534
48.221709
17.696144
19.260649
48.286998
43.330480
18.083481
44.233162
32.837567
0 6 36.971846
0 4 36.627115
0 2 48.716244
1 13 20.921823
1 11 29.975925
3 12 29.694866
3 10 15.991628
3 6 37.877632
3 5 44.329671
4 15 6.846459
4 12 46.207694
4 7 22.536026
4 6 11.236955
5 11 42.716401
5 10 9.880156
5 9 37.405002
6 14 21.263551
6 12 45.451033
6 11 46.008062
7 14 26.612930
8 15 27.108126
8 14 7.710860
8 12 10.285392
10 15 41.685782
10 13 33.587924
10 12 31.462554
11 12 42.073053
