16 27 1 7775 426 0
37.813702
31.883286
27.929103
12.138567
12.925684
32.965231
1.981496
27.062112
9.282756
40.058191
44.760461
29.363525
18.923861
34.150124
10.537951
10.504331
0 6 44.936897
0 4 31.110765
0 2 46.184959
1 13 28.037706
1 11 35.673368
3 12 5.156746
3 10 46.221799
3 6 8.799582
3 5 8.346821
4 15 46.174069
4 12 19.693916
4 7 48.334617
4 6 38.213755
5 11 8.340198
5 10 27.245202
5 9 17.641947
6 14 12.173235
6 12 30.055938
6 11 35.230482
7 14 8.808223
8 15 34.195876
8 14 40.670402
8 12 40.428505
10 15 14.453176
10 13 36.198669
10 12 20.047830
11 12 8.782809
