19 44 1 6912 464 0
13.330604
18.012121
44.691015
12.429276
9.376687
34.350025
7.704912
10.480266
7.401717
7.198074
11.700099
35.590110
32.103146
33.562915
20.762548
49.296339
24.844089
41.908066
46.233936
0 14 41.041541
0 12 12.108446
0 6 18.557006
0 3 39.648371
0 2 8.344496
1 18 25.424389
1 17 44.698743
1 7 4.688579
1 6 2.813197
1 5 14.832931
2 18 46.440321
2 16 24.993562
2 13 4.134151
2 10 2.792980
3 18 33.400566
3 14 49.664426
3 13 17.074591
3 9 49.548364
3 6 47.808591
4 18 41.296071
4 10 20.564874
4 7 16.150652
5 18 10.156969
5 12 22.391636
5 10 9.877835
6 17 26.263628
6 15 9.255571
6 13 38.348588
6 10 9.813668
7 18 16.820212
7 9 35.842614
7 8 17.656342
8 17 28.257510
8 15 38.548802
9 18 6.401440
9 11 32.219188
10 16 46.565333
11 18 42.229930
13 16 19.209070
14 18 19.692467
14 16 1.846132
14 15 35.405062
15 18 47.213286
17 18 24.491426
