18 32 1 742 78 0
45.204628
19.028586
32.627109
43.384239
28.148671
15.989443
44.860574
43.547458
0.501395
42.104195
49.310809
13.918126
27.976820
13.874911
1.178013
0.679106
15.706341
37.291056
0 7 17.305491
0 2 22.416848
1 17 17.030521
1 7 22.210361
2 16 9.834621
2 14 16.906308
2 10 49.293195
2 9 21.609194
3 16 5.495175
3 8 47.909748
4 9 43.305323
4 7 42.459944
5 17 12.329269
5 10 6.491043
5 9 21.115870
5 6 0.798338
6 13 19.917141
7 16 1.648490
7 15 32.153095
7 13 38.231884
7 12 34.146129
8 17 44.568324
9 16 17.249128
11 17 15.359629
11 16 15.935383
11 12 23.100052
12 13 11.680519
13 17 1.856838
13 16 35.996760
13 15 37.517070
15 17 30.545266
15 16 45.533991
