19 44 1 5850 414 0
9.102945
34.538321
46.590423
47.362629
27.958621
6.563179
28.297073
20.415965
7.237409
8.164909
8.132012
43.698144
28.204586
14.209314
19.160443
9.012055
33.960392
38.141827
21.276829
0 14 40.488617
0 12 26.993465
0 6 4.753551
0 3 35.284159
0 2 38.914826
1 18 0.448967
1 17 26.313057
1 7 26.847727
1 6 12.945910
1 5 1.972759
2 18 40.648315
2 16 41.493886
2 13 38.342255
2 10 3.506902
3 18 39.663593
3 14 18.631139
3 13 30.473242
3 9 29.665356
3 6 28.517935
4 18 13.848789
4 10 32.159627
4 7 47.690065
5 18 49.285045
5 12 32.148370
5 10 7.948698
6 17 45.592829
6 15 44.258798
6 13 32.943472
6 10 42.789917
7 18 29.955363
7 9 28.099102
7 8 12.605720
8 17 44.211106
8 15 43.799137
9 18 7.220591
9 11 40.161801
10 16 21.945682
11 18 47.852903
13 16 12.389658
14 18 33.461681
14 16 14.122403
14 15 18.935369
15 18 16.141226
17 18 40.982254
