19 44 1 6716 117 0
41.346920
31.519996
47.233569
10.695638
39.338051
39.552058
32.534911
25.298671
48.094579
43.310768
42.356979
26.266953
40.094824
16.578107
43.166421
4.268576
33.840989
15.824802
10.144756
0 14 49.991145
0 12 3.863987
0 6 32.411250
0 3 48.903814
0 2 28.319040
1 18 18.528758
1 17 20.656552
1 7 24.251228
1 6 39.386806
1 5 13.887100
2 18 11.897865
2 16 7.042455
2 13 47.292692
2 10 31.331239
3 18 7.461551
3 14 11.706024
3 13 40.197129
3 9 24.871307
3 6 23.589191
4 18 1.614056
4 10 3.084754
4 7 28.925890
5 18 20.191568
5 12 5.093495
5 10 16.980404
6 17 24.263851
6 15 26.178463
6 13 17.043087
6 10 4.926868
7 18 25.032424
7 9 45.530366
7 8 19.841115
8 17 2.308459
8 15 8.335874
9 18 18.487544
9 11 27.805881
10 16 30.092745
11 18 45.313603
13 16 9.908889
14 18 9.862687
14 16 19.387692
14 15 5.767563
15 18 15.432843
17 18 19.037310
