18 32 1 7337 313 0
1.721638
2.911528
8.692229
38.671727
3.973853
31.268300
47.762404
14.374273
3.422532
15.755687
20.647350
41.103935
39.229032
32.690640
22.042463
8.032335
35.241056
44.952016
0 7 38.826163
0 2 12.322265
1 17 46.094105
1 7 1.047393
2 16 11.313412
2 14 8.098219
2 10 33.370084
2 9 40.934867
3 16 48.491584
3 8 23.330614
4 9 9.282992
4 7 12.009674
5 17 17.857081
5 10 12.620983
5 9 9.271041
5 6 34.851560
6 13 34.071201
7 16 9.086063
7 15 9.462638
7 13 27.761138
7 12 21.786874
8 17 8.799389
9 16 45.679213
11 17 47.219272
11 16 44.642975
11 12 40.424784
12 13 47.303032
13 17 33.856310
13 16 3.673165
13 15 5.059656
15 17 44.339333
15 16 11.041410
