17 35 1 6050 53 0
46.293797
7.689138
36.511258
11.165519
44.389733
28.032996
17.396638
15.371332
11.280664
15.179197
26.818821
25.236356
19.633313
49.449907
12.819398
23.860289
27.745682
0 13 18.110876
0 11 39.649594
0 6 26.632985
0 3 48.488581
0 2 11.089928
1 3 40.458479
1 2 28.403373
2 16 33.374374
2 12 30.153157
2 4 30.482244
3 15 11.936531
3 13 19.466818
3 11 22.672397
3 7 46.749041
3 4 7.522571
4 16 49.867987
4 12 36.487658
4 11 1.688756
5 13 27.625000
6 14 23.585794
6 11 33.698933
7 13 25.795505
7 10 7.686173
7 8 48.194817
8 13 3.709772
8 12 46.025483
8 10 24.530637
9 16 42.762032
9 13 10.195474
9 10 19.325339
10 13 10.120403
11 13 43.351493
12 16 8.710906
12 14 9.728705
15 16 45.217586
