15 34 1 581 1079 0
23.507490
7.391981
49.559998
20.139862
7.986780
32.268119
30.772681
45.351701
5.931704
2.508964
4.446605
3.192119
3.867297
23.171297
46.674796
0 10 40.576903
0 9 18.437659
0 8 24.293001
0 4 12.470290
1 10 37.150806
1 9 44.471929
1 8 31.173528
1 5 37.750032
1 4 15.870168
1 3 12.488628
2 14 3.128793
2 12 16.782711
2 9 0.688452
2 7 2.927099
3 9 23.158972
3 6 0.555367
3 5 43.721491
4 13 26.126822
4 11 41.954529
4 10 39.148618
4 6 22.330431
5 8 11.078539
5 7 25.983225
6 9 16.432589
7 14 43.970584
7 12 27.863423
7 10 23.677965
8 12 45.579871
8 9 13.937810
9 13 28.246987
9 11 24.605365
10 11 0.832657
12 14 47.795380
13 14 36.341349
