15 34 1 6650 114 0
38.415587
34.958651
22.253634
46.414086
25.234377
16.000722
25.380361
43.540646
0.431529
32.077955
1.889074
41.365231
30.544919
7.394216
34.525537
0 10 3.409633
0 9 16.816318
0 8 29.515257
0 4 4.072389
1 10 42.976136
1 9 5.452440
1 8 8.450439
1 5 10.578247
1 4 14.726962
1 3 45.088139
2 14 20.771275
2 12 36.521409
2 9 11.520390
2 7 16.200995
3 9 49.144282
3 6 37.411158
3 5 5.421802
4 13 47.517058
4 11 23.449002
4 10 20.275300
4 6 43.197200
5 8 37.267945
5 7 2.039116
6 9 24.482144
7 14 43.383091
7 12 27.907125
7 10 30.659144
8 12 28.466287
8 9 33.027898
9 13 45.065154
9 11 18.262494
10 11 34.726095
12 14 36.703788
13 14 8.621355
