15 34 1 6866 1003 0
1.736225
37.453067
33.051141
49.923342
19.659149
18.808005
1.212890
34.090121
16.522411
40.634047
47.732925
23.871323
32.730868
33.054657
27.512599
0 10 32.927408
0 9 16.626652
0 8 8.040564
0 4 21.744018
1 10 20.526727
1 9 16.876212
1 8 28.989036
1 5 5.497919
1 4 39.192508
1 3 6.398021
2 14 12.610135
2 12 40.328741
2 9 41.728437
2 7 44.433181
3 9 13.693655
3 6 43.112360
3 5 46.176963
4 13 33.392682
4 11 0.116255
4 10 25.411909
4 6 6.984044
5 8 19.418358
5 7 29.744404
6 9 9.319961
7 14 17.867264
7 12 8.052763
7 10 40.924008
8 12 27.177654
8 9 29.344291
9 13 48.252207
9 11 49.098673
10 11 39.659010
12 14 1.103579
13 14 49.493162
