19 44 1 6116 116 0
11.645400
8.949713
32.315579
21.765803
28.143039
25.667072
18.373864
36.853945
20.707321
28.102569
23.189851
15.924906
11.417068
48.240686
44.841425
8.775839
49.087025
35.860249
13.820784
0 14 9.103244
0 12 6.705058
0 6 42.964593
0 3 2.201530
0 2 0.016873
1 18 25.010306
1 17 35.981257
1 7 46.929984
1 6 12.103058
1 5 26.120924
2 18 43.304377
2 16 22.146855
2 13 15.640561
2 10 4.070708
3 18 19.474565
3 14 38.237184
3 13 15.004848
3 9 1.407044
3 6 40.557057
4 18 43.355374
4 10 27.944431
4 7 5.188336
5 18 2.325699
5 12 21.672749
5 10 24.715377
6 17 13.385760
6 15 2.017167
6 13 27.249037
6 10 5.920156
7 18 42.074128
7 9 21.250703
7 8 3.972530
8 17 25.253554
8 15 44.224993
9 18 8.988148
9 11 6.384541
10 16 5.946046
11 18 0.858268
13 16 13.691197
14 18 22.700502
14 16 20.324690
14 15 6.426327
15 18 21.618877
17 18 39.999585
