18 32 1 5916 75 0
45.193462
41.419269
15.967514
35.908624
11.043399
42.835103
6.625059
14.129210
40.041049
41.463898
46.269531
6.182364
34.683939
44.551078
24.202520
18.886233
1.763768
30.551890
0 7 24.026144
0 2 3.329577
1 17 2.948825
1 7 37.089428
2 16 17.686067
2 14 4.129191
2 10 13.442529
2 9 2.131202
3 16 35.231277
3 8 22.245146
4 9 27.303811
4 7 33.320234
5 17 18.468558
5 10 18.124420
5 9 36.890406
5 6 23.222968
6 13 20.249298
7 16 9.606725
7 15 27.660468
7 13 24.996111
7 12 8.649098
8 17 6.058468
9 16 28.447955
11 17 1.501669
11 16 21.364271
11 12 5.535567
12 13 36.033009
13 17 22.241424
13 16 6.859974
13 15 47.172645
15 17 10.254032
15 16 4.666931
