19 44 1 5983 250 0
23.883358
28.103152
20.224397
2.356340
9.973541
43.739783
27.192145
31.372587
3.849111
1.382799
36.641712
27.029457
32.421891
26.982311
30.123738
24.975657
47.346162
40.228905
4.105945
0 14 47.351969
0 12 41.822761
0 6 15.574476
0 3 2.828715
0 2 49.445665
1 18 12.391714
1 17 1.526256
1 7 48.737364
1 6 0.468407
1 5 31.074741
2 18 46.326259
2 16 18.482705
2 13 14.879431
2 10 3.479453
3 18 42.811178
3 14 43.961034
3 13 8.653598
3 9 31.055244
3 6 20.528532
4 18 6.343986
4 10 11.526858
4 7 48.487164
5 18 9.230566
5 12 16.935710
5 10 39.701675
6 17 41.539966
6 15 30.467991
6 13 9.383649
6 10 5.487688
7 18 35.202511
7 9 6.571460
7 8 38.462014
8 17 14.947339
8 15 39.453132
9 18 3.401217
9 11 5.450068
10 16 14.532819
11 18 27.981189
13 16 1.161759
14 18 33.462358
14 16 42.927349
14 15 26.891367
15 18 35.024996
17 18 18.742763
