16 27 1 5760 859 0
6.316027
47.127398
9.093671
34.271113
46.886288
22.876019
3.058672
42.293966
13.910067
45.039027
44.117032
48.992234
40.146089
41.744875
41.846265
22.751163
0 6 32.818148
0 4 22.305814
0 2 9.116094
1 13 13.828990
1 11 24.585186
3 12 31.092692
3 10 0.504964
3 6 14.372056
3 5 37.178131
4 15 41.092103
4 12 46.341746
4 7 26.358384
4 6 39.189803
5 11 9.244047
5 10 12.220292
5 9 2.087054
6 14 20.711998
6 12 43.583722
6 11 39.229593
7 14 1.991703
8 15 0.603602
8 14 11.149544
8 12 23.135129
10 15 7.929556
10 13 48.987327
10 12 44.377679
11 12 43.172435
