18 32 1 7375 459 0
10.085582
25.797512
25.666775
37.097538
6.069040
19.547002
19.015082
44.623194
0.864291
9.511378
37.937266
24.678297
21.530632
30.350590
30.900235
16.114255
0.273699
6.615146
0 7 13.389718
0 2 48.370707
1 17 34.713767
1 7 8.846754
2 16 8.098077
2 14 43.308791
2 10 20.344384
2 9 3.847888
3 16 40.491911
3 8 15.558161
4 9 4.540121
4 7 19.018370
5 17 41.100749
5 10 22.827978
5 9 6.663258
5 6 28.616129
6 13 29.384109
7 16 13.670927
7 15 0.477481
7 13 21.861912
7 12 38.798569
8 17 36.625934
9 16 18.565076
11 17 5.154112
11 16 0.390749
11 12 18.563979
12 13 37.134725
13 17 47.408258
13 16 28.131353
13 15 0.236458
15 17 43.337913
15 16 4.847587
