15 34 1 714 773 0
0.391151
34.350325
17.183215
5.338944
10.030390
30.071623
8.893778
14.448080
25.149593
28.276716
14.200709
2.222928
48.395190
20.530219
10.597860
0 10 32.265748
0 9 14.493242
0 8 31.788709
0 4 20.856882
1 10 48.404161
1 9 34.699654
1 8 11.408476
1 5 34.085862
1 4 42.861715
1 3 44.938377
2 14 28.466577
2 12 7.094437
2 9 0.159593
2 7 7.115366
3 9 33.766343
3 6 12.980381
3 5 16.425449
4 13 21.835313
4 11 34.433325
4 10 18.597069
4 6 39.741142
5 8 6.278702
5 7 45.767287
6 9 28.904779
7 14 8.800751
7 12 36.829662
7 10 48.853156
8 12 30.181985
8 9 29.295252
9 13 1.395270
9 11 14.942936
10 11 29.093686
12 14 41.849274
13 14 29.582542
