16 27 1 7225 104 0
31.737499
33.321849
46.095730
23.557458
12.721963
31.260627
11.396787
23.462711
38.537786
18.150861
14.703344
40.186935
38.500304
14.455247
37.538575
5.761251
0 6 7.998590
0 4 12.045617
0 2 30.253807
1 13 4.870988
1 11 17.619840
3 12 36.341065
3 10 18.290022
3 6 29.760779
3 5 10.200103
4 15 23.584979
4 12 7.117136
4 7 46.384778
4 6 3.132627
5 11 35.841857
5 10 25.543369
5 9 47.394182
6 14 16.588946
6 12 45.636182
6 11 45.738598
7 14 32.062448
8 15 8.747611
8 14 11.254574
8 12 45.281768
10 15 27.065154
10 13 16.871862
10 12 28.403938
11 12 35.631899
