19 44 1 7237 165 0
30.397456
11.420206
28.866210
27.791638
44.962165
45.455156
37.231437
40.598347
42.297910
32.970035
41.105517
24.360357
46.328473
49.853128
42.763870
7.583047
26.890760
38.045638
48.598400
0 14 3.955914
0 12 15.470262
0 6 21.931447
0 3 40.237946
0 2 9.103180
1 18 32.597001
1 17 9.399928
1 7 43.455167
1 6 38.979373
1 5 24.423003
2 18 31.208232
2 16 20.683236
2 13 3.721511
2 10 48.332460
3 18 47.427124
3 14 9.902959
3 13 29.905607
3 9 5.989085
3 6 14.832481
4 18 48.557218
4 10 25.229502
4 7 38.524618
5 18 25.171426
5 12 21.820997
5 10 20.890107
6 17 43.728518
6 15 3.637037
6 13 7.666929
6 10 34.948118
7 18 18.663106
7 9 42.377487
7 8 33.758280
8 17 3.939286
8 15 24.120149
9 18 35.974396
9 11 42.707428
10 16 3.831585
11 18 45.833329
13 16 13.211832
14 18 43.153809
14 16 13.898325
14 15 36.200279
15 18 1.294081
17 18 24.893910
