16 27 1 6683 1343 0
26.065133
19.097242
31.381496
35.878932
17.031817
24.312733
5.845521
48.798993
46.140624
2.390037
7.595971
22.592910
12.780425
45.070388
5.708706
34.862879
0 6 35.704391
0 4 12.020487
0 2 20.136191
1 13 15.821140
1 11 2.490555
3 12 16.224032
3 10 31.097688
3 6 36.008199
3 5 38.727095
4 15 43.041753
4 12 41.702428
4 7 4.557905
4 6 1.277311
5 11 10.435961
5 10 7.224264
5 9 48.920615
6 14 28.398759
6 12 41.996915
6 11 19.348718
7 14 42.318489
8 15 35.960620
8 14 10.775857
8 12 28.172374
10 15 24.221129
10 13 14.173752
10 12 22.658381
11 12 16.150156
