15 34 1 6025 435 0
46.790824
10.387769
33.532027
0.192042
6.184887
38.982095
15.120116
20.717706
42.919326
43.101305
44.481092
44.081085
38.018203
27.943450
34.944519
0 10 30.945552
0 9 11.835886
0 8 37.970771
0 4 23.083655
1 10 47.249020
1 9 17.295008
1 8 10.137745
1 5 23.893235
1 4 41.359398
1 3 41.725929
2 14 40.465891
2 12 6.671556
2 9 23.627350
2 7 5.664688
3 9 37.791064
3 6 2.652954
3 5 36.553913
4 13 23.077509
4 11 12.599742
4 10 3.008140
4 6 23.190092
5 8 12.807361
5 7 14.871722
6 9 41.521739
7 14 20.981599
7 12 47.782559
7 10 13.955692
8 12 22.631086
8 9 4.226976
9 13 5.291478
9 11 11.903912
10 11 10.754656
12 14 22.433273
13 14 22.982509
