16 27 1 7080 745 0
4.439897
44.908567
17.811562
49.799984
39.396433
28.124858
42.064672
14.849315
35.829034
19.240208
44.814818
48.253786
0.409709
22.673286
30.186768
17.276822
0 6 17.956786
0 4 41.091869
0 2 21.630200
1 13 47.952257
1 11 10.648847
3 12 14.848345
3 10 48.327991
3 6 14.115422
3 5 21.004968
4 15 2.567872
4 12 10.051842
4 7 25.250716
4 6 13.872752
5 11 44.134661
5 10 42.738820
5 9 31.559282
6 14 43.514637
6 12 17.490655
6 11 43.750966
7 14 1.221000
8 15 27.338041
8 14 43.971040
8 12 42.165746
10 15 28.433920
10 13 40.013447
10 12 23.572115
11 12 25.634336
