17 35 1 6150 145 0
48.595086
4.074717
49.808513
19.869092
8.381442
9.642245
28.075677
18.634213
31.048855
37.140531
37.158728
16.146662
18.736401
28.383746
39.651042
20.656961
5.695026
0 13 19.581750
0 11 4.625183
0 6 9.181381
0 3 11.789005
0 2 10.497317
1 3 14.237837
1 2 13.984359
2 16 45.401630
2 12 10.405671
2 4 26.440519
3 15 43.346399
3 13 1.096771
3 11 32.233459
3 7 49.223330
3 4 6.894476
4 16 16.312231
4 12 14.799670
4 11 9.664049
5 13 2.031787
6 14 29.498147
6 11 48.089053
7 13 9.335649
7 10 4.333142
7 8 30.132489
8 13 20.008001
8 12 34.786729
8 10 1.647739
9 16 43.841329
9 13 3.126934
9 10 44.498404
10 13 12.944951
11 13 36.497635
12 16 31.748049
12 14 1.725672
15 16 17.614737
