15 34 1 590 487 0
9.110513
29.933783
41.390981
35.093738
28.762354
7.823569
26.947130
22.732938
36.744787
4.810553
19.832315
10.422751
49.456688
15.412186
34.789168
0 10 13.394497
0 9 13.036155
0 8 38.524521
0 4 1.323936
1 10 39.633889
1 9 43.192726
1 8 43.840007
1 5 48.239043
1 4 27.793205
1 3 23.118009
2 14 6.935179
2 12 39.834073
2 9 17.686365
2 7 49.500432
3 9 44.101314
3 6 12.898284
3 5 28.831775
4 13 7.987091
4 11 17.772948
4 10 24.207673
4 6 37.594442
5 8 36.790637
5 7 36.083092
6 9 13.161478
7 14 13.202505
7 12 26.763241
7 10 17.221066
8 12 49.805802
8 9 11.241940
9 13 13.016548
9 11 14.218852
10 11 12.839066
12 14 1.849271
13 14 10.406923
