18 32 1 7466 404 0
14.303208
19.559558
14.716408
21.924114
14.281655
44.930710
7.676372
29.239988
25.381470
28.223240
37.536235
34.684817
3.617696
18.554503
49.827587
47.530665
36.392668
21.287261
0 7 32.479830
0 2 7.639397
1 17 13.285130
1 7 1.025407
2 16 25.372680
2 14 0.339859
2 10 11.656465
2 9 17.177957
3 16 36.567181
3 8 21.303583
4 9 10.699600
4 7 22.466793
5 17 31.369871
5 10 16.790337
5 9 23.615155
5 6 2.484718
6 13 16.095647
7 16 3.358745
7 15 5.634044
7 13 35.455983
7 12 3.303037
8 17 28.625124
9 16 0.438909
11 17 41.332375
11 16 27.262693
11 12 31.249643
12 13 9.321011
13 17 36.198127
13 16 29.800925
13 15 21.888340
15 17 6.171468
15 16 9.511065
