16 27 1 7275 204 0
17.921019
2.008400
27.381530
12.080308
33.993841
30.170564
49.393406
0.081221
46.857924
23.588830
2.368879
31.080645
49.078337
48.523744
40.197276
10.810042
0 6 44.545206
0 4 41.159189
0 2 17.667651
1 13 35.603474
1 11 48.732013
3 12 14.219974
3 10 29.808265
3 6 43.924272
3 5 49.463166
4 15 9.809592
4 12 1.476367
4 7 33.538228
4 6 32.791828
5 11 29.414936
5 10 34.430851
5 9 42.680206
6 14 12.483134
6 12 11.786809
6 11 7.723452
7 14 48.677530
8 15 24.433806
8 14 8.132918
8 12 10.352269
10 15 1.971355
10 13 23.362993
10 12 43.272442
11 12 20.983944
