19 44 1 5780 96 0
11.698128
3.431772
15.915243
13.785183
48.470212
36.627241
38.178051
42.053933
16.455333
27.407644
49.466645
18.447036
41.222422
0.070247
1.531432
2.371966
1.178812
24.666561
27.893566
0 14 9.108368
0 12 26.880894
0 6 29.357500
0 3 1.302462
0 2 27.790852
1 18 41.305043
1 17 45.362828
1 7 8.531028
1 6 43.207026
1 5 47.326061
2 18 11.613602
2 16 34.727604
2 13 15.956127
2 10 31.592069
3 18 35.976663
3 14 46.221659
3 13 41.238451
3 9 3.215058
3 6 45.312520
4 18 20.689513
4 10 38.182219
4 7 15.719156
5 18 6.731370
5 12 42.693057
5 10 19.408452
6 17 35.199356
6 15 14.752823
6 13 11.082691
6 10 4.724811
7 18 49.037044
7 9 48.933391
7 8 35.786506
8 17 18.361256
8 15 10.767792
9 18 43.519084
9 11 36.777147
10 16 43.451861
11 18 15.246351
13 16 26.746486
14 18 0.121628
14 16 47.958526
14 15 27.176992
15 18 5.247944
17 18 43.420300
