16 27 1 7160 43 0
7.877442
5.675411
3.890984
45.282445
2.527412
25.154535
19.314562
47.978445
45.134330
15.322624
14.351302
21.747260
41.306611
41.459428
28.055056
49.017471
0 6 34.559182
0 4 44.605963
0 2 42.955511
1 13 24.777206
1 11 7.989505
3 12 28.416645
3 10 20.160267
3 6 49.155948
3 5 29.887310
4 15 23.320154
4 12 28.201467
4 7 30.393168
4 6 7.957340
5 11 45.083057
5 10 36.203897
5 9 48.281422
6 14 11.478561
6 12 47.008045
6 11 21.081272
7 14 28.852137
8 15 38.635510
8 14 11.285303
8 12 31.480681
10 15 36.833487
10 13 13.488183
10 12 43.782714
11 12 2.788356
