19 44 1 7575 261 0
21.117349
14.000583
10.306065
17.440404
49.447335
26.769770
13.445965
25.463931
8.578960
19.925163
40.856214
1.044429
33.867256
35.120911
29.277896
5.249965
19.643087
21.807161
40.222482
0 14 30.180866
0 12 17.201111
0 6 14.778349
0 3 0.455637
0 2 4.537368
1 18 13.930424
1 17 23.220945
1 7 32.436918
1 6 27.378342
1 5 4.107314
2 18 17.785649
2 16 43.698487
2 13 7.899733
2 10 48.107974
3 18 48.462485
3 14 3.372181
3 13 36.586222
3 9 15.632896
3 6 36.823340
4 18 35.656154
4 10 18.192129
4 7 13.491561
5 18 27.517585
5 12 32.074423
5 10 5.135168
6 17 7.738200
6 15 10.214215
6 13 41.750895
6 10 30.256085
7 18 31.263647
7 9 9.774003
7 8 7.361922
8 17 5.209119
8 15 47.724795
9 18 39.083351
9 11 33.393167
10 16 32.967528
11 18 48.688555
13 16 42.813209
14 18 15.381040
14 16 16.944715
14 15 20.869194
15 18 24.555927
17 18 45.272878
