18 32 1 7550 787 0
39.484833
41.594358
10.791131
48.805844
45.310794
46.989258
39.496726
25.111719
49.977722
11.385066
28.527799
6.149190
35.758124
38.038864
28.416305
20.255296
0.908674
30.064197
0 7 10.386514
0 2 17.168071
1 17 38.719635
1 7 31.287521
2 16 13.406412
2 14 1.085010
2 10 49.682506
2 9 15.345485
3 16 39.375687
3 8 7.462895
4 9 35.767998
4 7 40.257479
5 17 13.589807
5 10 2.334662
5 9 46.270900
5 6 22.070309
6 13 21.405972
7 16 38.181868
7 15 29.306167
7 13 34.361742
7 12 46.323056
8 17 16.463705
9 16 26.016596
11 17 6.479198
11 16 42.465469
11 12 44.264697
12 13 21.382709
13 17 42.529265
13 16 10.537779
13 15 26.978629
15 17 48.107262
15 16 13.466092
