15 34 1 6225 232 0
10.128210
46.094295
44.903694
10.139846
13.923215
25.553950
4.649887
41.773544
19.149158
9.970562
6.121508
40.488986
47.039286
16.631157
13.554487
0 10 17.887848
0 9 17.843806
0 8 38.583719
0 4 7.847440
1 10 5.634994
1 9 39.704170
1 8 4.605227
1 5 39.601125
1 4 43.830151
1 3 6.827016
2 14 49.618635
2 12 8.619884
2 9 1.530124
2 7 47.513688
3 9 15.629732
3 6 5.573596
3 5 8.900387
4 13 18.562929
4 11 20.510330
4 10 7.673204
4 6 17.441767
5 8 34.354140
5 7 31.079315
6 9 33.970316
7 14 9.650686
7 12 28.879463
7 10 23.178299
8 12 0.661500
8 9 6.089792
9 13 16.727532
9 11 12.320033
10 11 5.237104
12 14 45.718531
13 14 18.704526
