18 32 1 10175 52 0
23.652394
45.972843
47.690641
43.630989
37.872451
11.425800
49.963589
28.721284
5.029205
37.047576
49.227934
36.952560
22.841661
21.546681
43.489156
46.560583
34.915530
47.637704
0 7 41.224261
0 2 38.291619
1 17 43.687239
1 7 4.079379
2 16 36.962645
2 14 46.860145
2 10 29.921711
2 9 27.985544
3 16 14.143528
3 8 39.038151
4 9 44.579278
4 7 1.154694
5 17 31.019917
5 10 15.353892
5 9 20.556938
5 6 22.146777
6 13 23.752916
7 16 19.451121
7 15 39.126244
7 13 44.861582
7 12 16.057109
8 17 8.101590
9 16 12.234267
11 17 23.591171
11 16 1.945128
11 12 40.484913
12 13 6.696679
13 17 40.331618
13 16 15.635962
13 15 12.225669
15 17 5.954932
15 16 47.974097
