17 35 1 9675 462 0
1.451974
8.052490
18.724453
46.858042
12.068829
22.699605
27.434807
12.597519
27.356067
18.631680
14.448704
31.923843
24.210344
14.159946
5.544962
2.954786
10.278392
0 13 26.345543
0 11 6.051267
0 6 45.210307
0 3 8.662157
0 2 30.471566
1 3 22.929283
1 2 28.719202
2 16 31.870235
2 12 28.476696
2 4 48.840521
3 15 6.163084
3 13 28.532367
3 11 25.886745
3 7 49.005108
3 4 16.001172
4 16 0.325083
4 12 34.432019
4 11 34.103284
5 13 42.947852
6 14 19.064544
6 11 1.654801
7 13 3.837679
7 10 1.746069
7 8 17.145696
8 13 14.436190
8 12 31.399065
8 10 27.424259
9 16 45.394037
9 13 20.387643
9 10 43.357695
10 13 46.359039
11 13 28.735530
12 16 0.059128
12 14 10.433384
15 16 5.604256
