16 27 1 8512 21 0
42.328998
9.589870
21.036145
18.693721
6.468516
14.797489
46.392211
0.359210
0.241437
30.629070
28.461472
21.721080
7.408775
16.833755
46.405250
21.074769
0 6 33.846128
0 4 42.049474
0 2 35.595887
1 13 32.688423
1 11 29.966339
3 12 1.223633
3 10 5.673181
3 6 1.393241
3 5 8.662782
4 15 16.695900
4 12 37.226875
4 7 15.490509
4 6 43.717181
5 11 9.189392
5 10 10.785736
5 9 22.200724
6 14 34.102494
6 12 35.695159
6 11 44.327201
7 14 47.919813
8 15 28.131112
8 14 19.348860
8 12 48.216358
10 15 31.806471
10 13 43.171487
10 12 22.010439
11 12 11.590481
