16 27 1 9128 149 0
4.465142
24.097593
8.775824
0.425986
9.103731
26.319605
39.336974
4.341338
5.963307
48.645450
47.394616
40.555224
7.947859
2.267977
12.501852
48.338650
0 6 35.342765
0 4 44.366241
0 2 22.644509
1 13 0.258105
1 11 22.297653
3 12 32.024244
3 10 47.703910
3 6 9.838004
3 5 43.163530
4 15 2.595038
4 12 44.933433
4 7 6.608599
4 6 40.577462
5 11 41.451965
5 10 6.271192
5 9 46.863971
6 14 21.704305
6 12 1.226307
6 11 4.734712
7 14 25.185389
8 15 4.905739
8 14 14.930351
8 12 26.275571
10 15 4.778700
10 13 43.382183
10 12 21.706362
11 12 49.305750
