16 27 1 8966 793 0
5.503359
0.762738
30.813030
34.177472
26.700778
15.071918
44.974024
22.235904
46.432235
0.224506
12.698624
40.409319
17.959017
32.292644
47.803103
19.507348
0 6 25.885420
0 4 5.288974
0 2 44.665759
1 13 35.766784
1 11 22.050529
3 12 43.212635
3 10 24.836998
3 6 18.522269
3 5 4.192829
4 15 14.517829
4 12 14.407217
4 7 3.129512
4 6 9.716359
5 11 1.248771
5 10 48.120780
5 9 47.182724
6 14 9.929050
6 12 30.939352
6 11 49.253890
7 14 19.527323
8 15 29.981869
8 14 12.207849
8 12 16.170049
10 15 35.159224
10 13 30.065417
10 12 1.256486
11 12 9.168906
