16 27 1 8537 77 0
18.621873
49.613930
42.031270
40.800019
6.538119
24.520547
33.066996
19.987586
28.823146
28.073513
18.596671
41.809597
42.572774
45.249914
36.045588
13.016361
0 6 37.159056
0 4 23.775674
0 2 10.194380
1 13 32.115016
1 11 48.517204
3 12 42.805109
3 10 7.088711
3 6 21.957616
3 5 35.200440
4 15 16.510602
4 12 38.509433
4 7 11.726145
4 6 27.651111
5 11 9.142177
5 10 25.572731
5 9 33.240247
6 14 47.668153
6 12 18.561163
6 11 15.381475
7 14 19.934771
8 15 18.288398
8 14 46.739644
8 12 48.326391
10 15 1.087692
10 13 32.686146
10 12 25.265391
11 12 17.175893
