16 27 1 7880 100 0
48.196185
15.416666
16.776541
32.158675
45.129492
36.828663
21.852926
14.450938
20.771571
44.853560
0.392425
44.743363
31.817402
23.259249
36.014003
41.139189
0 6 22.061059
0 4 7.617504
0 2 1.566277
1 13 19.799155
1 11 21.823613
3 12 10.952971
3 10 20.878751
3 6 5.793515
3 5 17.236861
4 15 1.233611
4 12 9.398718
4 7 26.817291
4 6 17.940097
5 11 24.913652
5 10 0.468965
5 9 40.896687
6 14 31.281724
6 12 24.917030
6 11 26.368508
7 14 16.347661
8 15 43.783283
8 14 5.113737
8 12 29.120828
10 15 33.736970
10 13 33.477308
10 12 8.724043
11 12 8.057119
