16 27 1 8944 68 0
27.083273
39.634278
0.245392
41.575145
48.465324
46.096069
35.677976
0.248940
10.304288
9.805619
33.514613
22.218699
15.318686
22.010726
42.392902
33.706666
0 6 20.078316
0 4 17.747013
0 2 47.601092
1 13 6.179067
1 11 7.924989
3 12 41.969140
3 10 27.958817
3 6 43.683724
3 5 25.160687
4 15 46.617235
4 12 40.025185
4 7 23.874951
4 6 42.100830
5 11 22.548172
5 10 29.400290
5 9 41.126182
6 14 5.698604
6 12 35.284593
6 11 10.663752
7 14 29.089682
8 15 22.770627
8 14 46.874746
8 12 6.585231
10 15 5.771534
10 13 34.487587
10 12 5.371929
11 12 34.683981
