18 32 1 8550 530 0
15.050889
42.887084
42.858101
48.291136
5.618870
40.526254
5.307056
24.180033
48.388786
20.688532
24.856213
18.323558
34.587211
43.144611
31.063438
31.326855
18.521719
29.389829
0 7 0.024115
0 2 12.916661
1 17 37.207707
1 7 3.905841
2 16 25.173588
2 14 49.210604
2 10 40.104337
2 9 35.375025
3 16 12.552630
3 8 23.488691
4 9 15.173928
4 7 38.548218
5 17 40.201035
5 10 33.174752
5 9 4.462284
5 6 0.654302
6 13 21.305882
7 16 37.196661
7 15 1.753015
7 13 12.897189
7 12 33.536502
8 17 19.414544
9 16 26.369287
11 17 6.603276
11 16 45.783463
11 12 6.781602
12 13 1.969444
13 17 0.987533
13 16 18.465249
13 15 13.434952
15 17 35.858755
15 16 27.413932
