18 32 1 8911 319 0
20.015210
25.319132
40.553609
39.675520
19.562888
11.295520
11.918609
17.161787
22.982237
44.914065
37.811919
47.298617
16.347049
31.765227
6.946416
9.873357
34.063044
7.397170
0 7 45.509923
0 2 28.271100
1 17 44.582837
1 7 32.870937
2 16 3.517876
2 14 21.041624
2 10 42.404697
2 9 5.217131
3 16 30.732355
3 8 44.253826
4 9 41.941806
4 7 37.565029
5 17 14.534680
5 10 11.518953
5 9 13.785435
5 6 28.878266
6 13 3.847540
7 16 24.213060
7 15 26.751729
7 13 27.741490
7 12 10.230033
8 17 10.167604
9 16 39.839948
11 17 35.593036
11 16 40.164754
11 12 13.223267
12 13 47.082925
13 17 11.860285
13 16 4.700374
13 15 33.098701
15 17 18.961235
15 16 27.781167
