18 32 1 7940 446 0
41.415829
4.029409
31.186780
33.489609
45.355465
37.229042
17.746246
33.533089
12.997687
5.269865
20.980439
29.178452
7.407042
37.291748
33.455333
41.514009
36.802869
42.654742
0 7 20.181183
0 2 43.613708
1 17 29.749939
1 7 3.378278
2 16 49.419772
2 14 42.479787
2 10 43.707007
2 9 23.933450
3 16 17.385225
3 8 12.122828
4 9 2.822004
4 7 40.401337
5 17 4.298968
5 10 11.094191
5 9 39.322388
5 6 30.409042
6 13 29.024464
7 16 42.837269
7 15 3.612162
7 13 15.390916
7 12 34.525599
8 17 22.935976
9 16 41.766320
11 17 3.126392
11 16 16.158341
11 12 44.283016
12 13 40.369736
13 17 42.782788
13 16 32.492731
13 15 32.423004
15 17 1.774039
15 16 31.318690
