18 32 1 8525 231 0
6.433617
42.238665
32.650709
28.634341
36.870529
16.753203
42.884539
22.565688
36.451584
37.211740
40.949270
34.371397
11.505281
19.080382
33.514843
30.854141
2.884675
31.731201
0 7 1.596242
0 2 38.610341
1 17 33.193517
1 7 25.166091
2 16 48.121728
2 14 0.091661
2 10 20.088832
2 9 21.813323
3 16 35.159619
3 8 19.492743
4 9 31.249540
4 7 15.255898
5 17 40.315725
5 10 41.279192
5 9 7.615320
5 6 5.561769
6 13 28.855013
7 16 3.979290
7 15 4.792891
7 13 6.832529
7 12 22.178146
8 17 32.489277
9 16 13.449467
11 17 45.006517
11 16 12.986451
11 12 26.653243
12 13 20.443588
13 17 16.434800
13 16 18.670320
13 15 34.589881
15 17 1.877858
15 16 35.497202
