15 34 1 8475 884 0
49.631277
22.711457
44.104239
42.423089
47.399987
2.424573
48.244543
5.613836
21.372389
11.873993
12.619485
5.204605
37.199520
44.353091
36.004474
0 10 26.058454
0 9 44.343446
0 8 4.213907
0 4 11.564704
1 10 9.744115
1 9 10.552077
1 8 1.026016
1 5 3.337839
1 4 44.470423
1 3 27.536804
2 14 23.449283
2 12 35.138055
2 9 1.333766
2 7 41.682604
3 9 34.211568
3 6 42.542845
3 5 3.204526
4 13 28.640090
4 11 7.308710
4 10 24.985433
4 6 34.407962
5 8 11.861806
5 7 30.376656
6 9 18.866543
7 14 41.248941
7 12 11.740591
7 10 26.364724
8 12 43.761344
8 9 43.890694
9 13 34.236860
9 11 21.479643
10 11 38.372283
12 14 13.665994
13 14 32.102602
