17 35 1 8166 368 0
21.097247
33.831984
3.303042
8.366102
35.239959
30.363146
34.632556
46.448064
47.361847
29.419653
41.735529
33.894078
47.447022
25.105376
33.745068
11.175835
37.844549
0 13 45.337472
0 11 43.153247
0 6 34.689406
0 3 15.465624
0 2 9.468108
1 3 7.200131
1 2 12.476398
2 16 40.187977
2 12 32.565685
2 4 31.548341
3 15 33.186634
3 13 10.290677
3 11 19.731934
3 7 10.053309
3 4 27.929823
4 16 32.681859
4 12 42.816383
4 11 36.629293
5 13 43.444024
6 14 49.960811
6 11 40.650768
7 13 22.002861
7 10 36.423586
7 8 49.435549
8 13 10.744916
8 12 31.918102
8 10 8.980295
9 16 6.537837
9 13 36.393535
9 10 23.549538
10 13 37.820289
11 13 37.590654
12 16 32.066504
12 14 8.142462
15 16 26.314863
