19 44 1 9566 1139 0
43.165651
12.214687
35.209024
45.673048
38.799851
29.168282
4.222988
49.955340
1.654648
43.184847
26.815798
3.889557
40.075654
43.667682
8.606781
5.253209
34.480512
29.796218
15.556785
0 14 25.995494
0 12 49.762107
0 6 35.126044
0 3 8.578792
0 2 10.093077
1 18 7.853033
1 17 38.679692
1 7 9.461770
1 6 8.867570
1 5 38.575728
2 18 40.284700
2 16 35.638708
2 13 21.836229
2 10 2.781038
3 18 13.786902
3 14 42.646223
3 13 37.090807
3 9 21.248704
3 6 24.455133
4 18 24.946436
4 10 25.341538
4 7 8.800955
5 18 2.867188
5 12 48.373970
5 10 6.892776
6 17 20.557669
6 15 18.710273
6 13 41.351733
6 10 35.502768
7 18 17.635941
7 9 26.710027
7 8 39.072067
8 17 2.690494
8 15 36.017686
9 18 40.148268
9 11 11.693836
10 16 43.763592
11 18 29.511036
13 16 38.757516
14 18 8.365539
14 16 14.834704
14 15 42.827769
15 18 35.119586
17 18 24.091480
