17 35 1 9928 723 0
48.771418
14.486159
16.041342
18.038437
21.247570
41.148710
17.259727
2.156696
26.847175
9.973803
19.195918
34.747859
29.394763
19.966263
1.451123
11.182623
28.920348
0 13 34.156484
0 11 6.597053
0 6 16.700777
0 3 1.845747
0 2 6.852960
1 3 40.413434
1 2 29.751295
2 16 31.287961
2 12 31.441838
2 4 15.485024
3 15 16.586125
3 13 49.437723
3 11 36.837638
3 7 5.954690
3 4 35.636706
4 16 35.724249
4 12 40.452772
4 11 2.425019
5 13 7.986526
6 14 19.928708
6 11 22.254524
7 13 47.356030
7 10 25.742639
7 8 46.243274
8 13 27.970389
8 12 29.775024
8 10 29.370018
9 16 21.116441
9 13 13.398330
9 10 23.011558
10 13 44.208444
11 13 18.828225
12 16 1.057109
12 14 41.814764
15 16 25.524010
