15 34 1 8037 7 0
0.814114
42.903301
24.164230
18.218067
19.922443
20.327267
5.016494
40.825120
21.314106
26.251829
1.436292
23.091612
31.788877
3.340745
26.407109
0 10 37.197126
0 9 45.743187
0 8 40.471245
0 4 37.377442
1 10 43.299337
1 9 36.062262
1 8 19.128556
1 5 45.451362
1 4 23.026327
1 3 23.402264
2 14 8.277106
2 12 46.260889
2 9 15.043638
2 7 0.538517
3 9 4.301596
3 6 14.542359
3 5 35.551175
4 13 32.584621
4 11 39.661476
4 10 31.878205
4 6 44.739360
5 8 29.123632
5 7 40.152680
6 9 13.105949
7 14 12.929657
7 12 4.423402
7 10 30.237745
8 12 20.308988
8 9 23.197010
9 13 33.416633
9 11 24.726768
10 11 18.997327
12 14 8.244538
13 14 36.300363
