19 44 1 8562 579 0
5.713094
28.575415
6.339835
39.249596
40.683208
25.754379
12.890435
17.052494
30.543948
19.493711
5.974411
26.327411
49.585678
12.756013
37.284803
1.555121
8.085833
38.272336
43.725600
0 14 26.551082
0 12 7.160551
0 6 8.293376
0 3 26.892547
0 2 48.910023
1 18 31.136239
1 17 47.216233
1 7 34.663090
1 6 0.394862
1 5 49.356264
2 18 40.961418
2 16 23.421768
2 13 18.435653
2 10 4.573632
3 18 44.263614
3 14 13.716374
3 13 15.280588
3 9 20.293311
3 6 42.126731
4 18 39.031977
4 10 38.688996
4 7 19.360009
5 18 29.879871
5 12 22.371059
5 10 14.440569
6 17 47.722090
6 15 40.577298
6 13 22.690815
6 10 7.321638
7 18 29.003726
7 9 20.110415
7 8 22.399948
8 17 13.597026
8 15 8.964968
9 18 39.879116
9 11 46.760511
10 16 18.165161
11 18 14.473342
13 16 20.143618
14 18 28.319765
14 16 8.571724
14 15 39.986173
15 18 47.185713
17 18 8.161974
