15 34 1 8383 150 0
41.764676
16.032368
31.918175
32.269219
12.367058
25.300939
7.391821
28.003273
29.136745
44.051694
34.893820
4.411948
1.492448
7.239631
44.611556
0 10 40.503172
0 9 22.138487
0 8 32.147166
0 4 29.457348
1 10 4.136443
1 9 19.964125
1 8 42.572494
1 5 22.893742
1 4 0.818370
1 3 11.325743
2 14 1.293168
2 12 40.479409
2 9 15.763426
2 7 14.190261
3 9 36.023551
3 6 14.786931
3 5 15.429729
4 13 9.554775
4 11 37.007018
4 10 7.738075
4 6 46.442529
5 8 27.019670
5 7 36.755893
6 9 18.422591
7 14 38.839522
7 12 20.661852
7 10 16.375016
8 12 19.429131
8 9 45.672364
9 13 2.313817
9 11 5.049285
10 11 8.222639
12 14 4.026167
13 14 18.055909
