19 44 1 8587 373 0
30.823501
30.477359
24.389768
0.985794
49.955938
31.223271
25.655437
9.375952
25.222474
6.417683
28.847818
49.107477
15.672480
43.762537
16.475307
46.113086
13.085079
33.049719
37.618618
0 14 34.812388
0 12 18.757189
0 6 20.220344
0 3 38.021821
0 2 30.197872
1 18 0.756462
1 17 26.692243
1 7 30.305879
1 6 31.189759
1 5 3.333474
2 18 36.751625
2 16 19.413529
2 13 25.423637
2 10 2.334409
3 18 26.261145
3 14 9.155341
3 13 30.975353
3 9 38.183157
3 6 31.914669
4 18 28.276391
4 10 22.073719
4 7 18.028653
5 18 10.266675
5 12 26.443999
5 10 9.863683
6 17 32.022146
6 15 39.528630
6 13 32.474409
6 10 14.611742
7 18 36.488989
7 9 20.192946
7 8 1.946420
8 17 23.556860
8 15 2.363996
9 18 16.334555
9 11 17.584071
10 16 9.673240
11 18 37.174237
13 16 33.947256
14 18 11.396349
14 16 43.395709
14 15 40.426246
15 18 44.854170
17 18 47.876605
