15 34 1 8012 452 0
0.195761
13.677708
8.485085
10.237638
2.762801
2.259359
39.068327
27.146846
5.686592
33.844508
40.229619
30.588033
43.228182
3.446304
37.227910
0 10 7.756407
0 9 27.096215
0 8 22.113676
0 4 29.536551
1 10 39.765855
1 9 9.332680
1 8 44.447690
1 5 47.425702
1 4 7.570558
1 3 44.937930
2 14 13.866211
2 12 6.876523
2 9 2.883882
2 7 31.242675
3 9 33.949212
3 6 20.699824
3 5 5.640825
4 13 46.215622
4 11 44.581729
4 10 11.081340
4 6 36.434620
5 8 11.529109
5 7 27.788817
6 9 17.335155
7 14 20.058221
7 12 3.167571
7 10 9.470374
8 12 24.937488
8 9 0.765125
9 13 45.826171
9 11 40.869143
10 11 26.419957
12 14 14.322035
13 14 24.264468
