16 27 1 10125 607 0
40.943943
6.055629
44.490395
9.601457
0.920716
31.578463
37.654381
23.333314
31.143107
34.336673
23.808294
22.736188
32.023077
23.561329
41.445689
27.841588
0 6 21.256029
0 4 36.705422
0 2 44.911008
1 13 17.817307
1 11 24.343533
3 12 25.457995
3 10 3.892172
3 6 0.760439
3 5 46.335057
4 15 4.437571
4 12 26.829296
4 7 20.589087
4 6 26.428626
5 11 30.708591
5 10 17.958710
5 9 36.293291
6 14 39.238005
6 12 33.019920
6 11 38.893414
7 14 6.436666
8 15 8.181809
8 14 18.136254
8 12 22.174089
10 15 6.910096
10 13 14.147526
10 12 15.764918
11 12 3.439620
