17 35 1 7980 32 0
28.346299
27.675288
18.653606
2.502258
17.248194
9.120564
22.873764
22.212016
2.619456
27.770869
35.046542
19.054323
10.900578
39.647387
32.358616
47.156680
3.399778
0 13 11.821249
0 11 11.435184
0 6 40.537058
0 3 1.489994
0 2 29.367434
1 3 46.047583
1 2 43.469524
2 16 4.741343
2 12 46.500000
2 4 38.393005
3 15 30.117365
3 13 8.240020
3 11 45.651564
3 7 18.788812
3 4 9.652959
4 16 38.698728
4 12 14.607493
4 11 31.738436
5 13 4.288856
6 14 32.225370
6 11 29.821168
7 13 10.051333
7 10 6.119347
7 8 44.435503
8 13 22.036278
8 12 8.239911
8 10 43.433530
9 16 10.041877
9 13 43.774274
9 10 24.384044
10 13 44.776181
11 13 24.901441
12 16 13.216685
12 14 14.528225
15 16 39.868306
