19 44 1 7840 146 0
46.877033
31.311986
45.946344
34.982382
11.412646
24.405737
13.338472
19.778274
45.880587
37.251350
17.656884
16.351814
35.016087
20.688977
3.526694
46.572018
17.485479
36.061135
32.596037
0 14 32.337107
0 12 24.562798
0 6 47.781893
0 3 12.723373
0 2 10.319858
1 18 0.322973
1 17 36.312515
1 7 22.352912
1 6 43.047605
1 5 34.633369
2 18 42.639236
2 16 30.482763
2 13 6.900807
2 10 12.517744
3 18 18.657218
3 14 36.068862
3 13 24.682789
3 9 24.010230
3 6 32.162790
4 18 35.518244
4 10 26.169085
4 7 18.889217
5 18 17.476177
5 12 33.776498
5 10 38.000778
6 17 23.349660
6 15 40.294587
6 13 39.631064
6 10 5.004162
7 18 0.668218
7 9 0.727687
7 8 24.655707
8 17 47.368740
8 15 47.875158
9 18 35.399541
9 11 22.014179
10 16 19.234620
11 18 24.050227
13 16 32.145524
14 18 47.234577
14 16 26.236592
14 15 0.786316
15 18 24.416660
17 18 13.726572
