19 44 1 10033 355 0
36.650791
9.287079
37.747927
26.784831
32.259303
40.009329
30.728832
16.437732
18.417885
34.112652
39.774477
41.014250
30.322077
15.009401
48.249128
49.868834
18.882873
24.099705
26.598249
0 14 5.534091
0 12 20.700803
0 6 14.753248
0 3 44.724128
0 2 28.249175
1 18 42.366904
1 17 2.099395
1 7 37.443659
1 6 33.913287
1 5 9.613058
2 18 45.870872
2 16 40.125496
2 13 24.047787
2 10 35.134251
3 18 24.017770
3 14 0.514870
3 13 32.374745
3 9 35.087984
3 6 48.663612
4 18 14.913218
4 10 45.260716
4 7 26.608519
5 18 8.934106
5 12 26.244337
5 10 41.505165
6 17 43.198412
6 15 29.583104
6 13 24.261161
6 10 38.458805
7 18 27.547512
7 9 18.629367
7 8 42.028437
8 17 49.278054
8 15 48.132106
9 18 6.928533
9 11 24.854453
10 16 20.325446
11 18 49.549360
13 16 15.515150
14 18 22.106944
14 16 11.651092
14 15 44.396353
15 18 48.629264
17 18 44.865087
