15 34 1 9425 229 0
22.243317
22.365478
8.725753
4.341860
3.003051
32.778223
36.454261
16.630763
3.707478
33.836182
26.189129
47.947160
41.149297
39.437678
43.835667
0 10 3.947580
0 9 12.065878
0 8 10.652159
0 4 8.010460
1 10 21.171245
1 9 28.143401
1 8 41.062356
1 5 8.905149
1 4 13.911519
1 3 41.475255
2 14 34.273678
2 12 4.707640
2 9 27.960956
2 7 27.093570
3 9 29.693119
3 6 19.743783
3 5 33.088626
4 13 35.454985
4 11 42.245797
4 10 7.919690
4 6 28.102677
5 8 40.704349
5 7 27.731293
6 9 1.914536
7 14 30.880125
7 12 9.896190
7 10 17.643269
8 12 16.058245
8 9 3.147652
9 13 21.512341
9 11 9.683062
10 11 16.481471
12 14 23.065785
13 14 36.512472
