19 44 1 7920 235 0
27.176077
26.998259
6.009661
24.741621
19.142417
45.234179
7.277745
20.010617
27.334724
47.870989
6.420152
32.481583
14.461449
5.580736
35.588410
6.806622
17.961336
47.582858
15.803198
0 14 16.091976
0 12 39.965366
0 6 24.927795
0 3 39.070652
0 2 11.084125
1 18 20.685737
1 17 29.594234
1 7 17.356235
1 6 16.826412
1 5 11.613600
2 18 39.925137
2 16 43.257181
2 13 23.946037
2 10 7.995130
3 18 16.799254
3 14 46.555858
3 13 5.324642
3 9 7.780917
3 6 42.182858
4 18 19.726383
4 10 49.269725
4 7 14.613557
5 18 38.096116
5 12 33.199813
5 10 44.560205
6 17 41.759557
6 15 4.298001
6 13 6.892063
6 10 33.854656
7 18 8.996699
7 9 20.465182
7 8 33.545139
8 17 42.073780
8 15 6.042262
9 18 38.177625
9 11 37.523619
10 16 16.180765
11 18 16.311309
13 16 34.106968
14 18 9.199409
14 16 44.324534
14 15 13.152516
15 18 35.975705
17 18 26.866575
