19 44 1 8025 72 0
5.759827
4.780458
15.704682
33.548644
13.735269
33.039837
18.908020
33.793489
45.312922
22.075591
17.717921
4.783296
32.119686
42.655409
17.137552
32.884811
48.835573
12.963722
17.599148
0 14 39.704716
0 12 44.019104
0 6 43.811752
0 3 10.479152
0 2 15.042434
1 18 45.966866
1 17 1.584787
1 7 15.569487
1 6 14.482592
1 5 4.041451
2 18 43.922246
2 16 15.994002
2 13 8.236728
2 10 15.843093
3 18 7.484983
3 14 8.720687
3 13 8.296533
3 9 33.404383
3 6 19.394474
4 18 4.823802
4 10 39.708495
4 7 34.301713
5 18 1.537990
5 12 26.426714
5 10 48.480525
6 17 14.296663
6 15 6.585208
6 13 41.108311
6 10 38.940076
7 18 5.943475
7 9 35.758219
7 8 43.614759
8 17 17.403953
8 15 46.163037
9 18 20.902677
9 11 21.235335
10 16 1.777506
11 18 1.904454
13 16 5.408249
14 18 19.336079
14 16 8.799332
14 15 46.291543
15 18 13.923407
17 18 30.206476
