17 35 1 1025 232 0
8.620802
40.221701
3.092504
36.905647
11.820600
23.754248
19.477215
36.740172
38.137453
45.389430
40.649728
36.400183
11.626191
7.328817
22.127575
36.693269
0.076277
0 13 23.247793
0 11 5.010380
0 6 20.658412
0 3 48.924432
0 2 44.180810
1 3 7.354320
1 2 37.520259
2 16 22.178523
2 12 27.136778
2 4 39.562560
3 15 28.561384
3 13 39.028480
3 11 16.952460
3 7 35.577006
3 4 47.556238
4 16 24.357554
4 12 8.014106
4 11 33.283472
5 13 18.426190
6 14 27.466229
6 11 38.345566
7 13 26.164721
7 10 8.864824
7 8 3.607785
8 13 7.427413
8 12 36.892629
8 10 19.473077
9 16 9.939612
9 13 1.349772
9 10 10.706815
10 13 17.786893
11 13 19.710042
12 16 14.432303
12 14 4.473517
15 16 35.201418
