16 27 1 8933 459 0
8.088606
30.288512
34.350832
36.985324
12.866397
22.087690
0.109413
16.644927
42.135696
16.769132
39.387857
30.810120
8.907470
18.698892
39.810969
34.060450
0 6 12.754038
0 4 29.610960
0 2 18.357543
1 13 31.482056
1 11 31.385424
3 12 8.259793
3 10 9.571477
3 6 15.652366
3 5 8.478935
4 15 4.645407
4 12 22.090888
4 7 37.990259
4 6 21.523952
5 11 45.036704
5 10 46.077008
5 9 14.491872
6 14 45.850676
6 12 1.783616
6 11 24.127643
7 14 11.914411
8 15 38.496113
8 14 18.387981
8 12 48.364627
10 15 15.727673
10 13 34.043544
10 12 28.188895
11 12 25.127899
