17 35 1 8766 426 0
4.937318
17.188578
25.302434
4.064688
21.799927
36.815070
29.814445
23.568903
20.076046
17.799311
9.669742
45.025280
1.966543
43.720680
23.059119
26.127080
19.117426
0 13 47.596060
0 11 18.784319
0 6 38.607466
0 3 30.207668
0 2 18.923954
1 3 15.399524
1 2 19.413626
2 16 38.709534
2 12 16.566858
2 4 8.402131
3 15 22.588667
3 13 23.457974
3 11 41.640776
3 7 42.354520
3 4 41.542373
4 16 4.478881
4 12 49.188769
4 11 2.628706
5 13 13.861164
6 14 45.333679
6 11 30.923420
7 13 16.557334
7 10 1.997627
7 8 36.939249
8 13 48.041090
8 12 21.946413
8 10 27.312413
9 16 11.017734
9 13 13.887641
9 10 4.314644
10 13 21.853854
11 13 44.568448
12 16 32.056726
12 14 8.838858
15 16 30.033527
