15 34 1 8922 428 0
9.078225
48.980642
26.147668
19.308258
47.763756
36.315272
21.942988
37.603704
1.700006
7.536025
8.176007
41.864760
37.382887
21.399274
23.971320
0 10 34.465812
0 9 35.831605
0 8 26.887944
0 4 29.182118
1 10 28.172077
1 9 23.154920
1 8 10.285417
1 5 22.220003
1 4 34.227372
1 3 32.311147
2 14 18.964401
2 12 25.478618
2 9 20.326425
2 7 14.744111
3 9 20.397530
3 6 36.162505
3 5 8.330955
4 13 0.946760
4 11 31.204952
4 10 30.592651
4 6 21.287962
5 8 10.357881
5 7 28.896718
6 9 37.736859
7 14 3.778530
7 12 16.659719
7 10 38.674424
8 12 29.311035
8 9 25.152980
9 13 21.192034
9 11 30.198531
10 11 0.413852
12 14 29.348649
13 14 23.748385
