19 44 1 8075 82 0
43.911334
35.199336
20.087467
43.253340
8.876915
23.748154
28.714381
42.544952
7.560128
40.447138
10.778441
34.629336
41.630618
26.507037
41.463994
36.688224
10.937504
8.301845
26.304247
0 14 34.378830
0 12 33.675698
0 6 41.247912
0 3 35.563341
0 2 3.178022
1 18 31.120336
1 17 42.222572
1 7 5.975638
1 6 25.196587
1 5 14.190293
2 18 37.283920
2 16 28.519981
2 13 46.268049
2 10 13.377250
3 18 15.964522
3 14 9.260521
3 13 2.103368
3 9 18.021871
3 6 29.237399
4 18 32.083035
4 10 1.896450
4 7 18.303592
5 18 29.523043
5 12 29.594934
5 10 4.003022
6 17 22.461170
6 15 48.422657
6 13 13.200199
6 10 6.008168
7 18 27.646980
7 9 48.256545
7 8 22.316041
8 17 29.843719
8 15 43.711194
9 18 43.923125
9 11 41.496538
10 16 38.997600
11 18 39.938597
13 16 34.079360
14 18 23.240273
14 16 13.318758
14 15 29.369325
15 18 46.682593
17 18 6.432121
