17 35 1 9225 923 0
14.820853
41.246139
47.458825
33.912224
22.754033
9.083193
44.141436
43.808067
8.205078
18.748208
20.768534
34.430900
49.388046
4.373073
40.853563
13.846415
17.937219
0 13 38.033572
0 11 46.042269
0 6 9.674195
0 3 45.008805
0 2 6.590379
1 3 37.145144
1 2 9.029221
2 16 30.948598
2 12 29.185563
2 4 23.029393
3 15 9.002258
3 13 46.473835
3 11 37.605994
3 7 27.138513
3 4 21.758298
4 16 9.916286
4 12 37.319693
4 11 27.438318
5 13 7.983979
6 14 6.243810
6 11 23.594508
7 13 30.702103
7 10 25.115692
7 8 32.899088
8 13 26.511524
8 12 42.570012
8 10 22.765942
9 16 13.264248
9 13 19.948582
9 10 2.351002
10 13 31.387688
11 13 1.498750
12 16 18.225844
12 14 15.701270
15 16 1.384192
