15 34 1 71 8 0
2.897826
40.373323
47.776175
3.624449
46.659235
20.110190
25.832290
49.300470
12.330270
17.456691
46.011424
7.864499
15.842327
43.137042
13.835634
0 10 1.340757
0 9 40.378802
0 8 13.282690
0 4 28.200907
1 10 37.132357
1 9 30.615259
1 8 17.545571
1 5 35.217166
1 4 4.085694
1 3 6.815247
2 14 22.249724
2 12 33.542432
2 9 39.255707
2 7 17.561618
3 9 16.841450
3 6 10.955840
3 5 19.150754
4 13 36.889132
4 11 2.558670
4 10 21.035444
4 6 33.710374
5 8 25.735383
5 7 2.838571
6 9 10.295017
7 14 36.543039
7 12 14.634407
7 10 44.035701
8 12 30.342957
8 9 49.175961
9 13 30.411614
9 11 8.603235
10 11 34.199618
12 14 42.702097
13 14 10.187434
