18 32 1 8955 155 0
34.204327
16.036733
12.331493
25.330509
15.515338
18.030097
34.203705
0.799931
21.329793
44.867457
42.263592
0.419475
13.456199
15.034218
21.478296
10.330945
15.763662
28.063527
0 7 0.889415
0 2 9.809445
1 17 23.923967
1 7 9.889775
2 16 44.428253
2 14 35.392758
2 10 32.122438
2 9 47.101429
3 16 44.927595
3 8 12.484028
4 9 13.416699
4 7 23.998757
5 17 34.233295
5 10 20.714509
5 9 47.785900
5 6 33.775119
6 13 8.013368
7 16 34.052318
7 15 8.765938
7 13 40.545282
7 12 28.674113
8 17 34.258888
9 16 45.535126
11 17 5.250483
11 16 43.977085
11 12 19.594020
12 13 1.548331
13 17 13.074074
13 16 31.047732
13 15 41.493218
15 17 20.266754
15 16 27.508948
