16 27 1 9142 218 0
38.408532
38.589368
34.618140
35.272503
30.203325
6.322444
26.502715
31.429632
0.671258
31.237427
32.914044
25.856648
8.269792
37.819783
33.066281
23.200143
0 6 40.429431
0 4 47.968498
0 2 28.780953
1 13 2.581869
1 11 29.666296
3 12 28.802276
3 10 41.770831
3 6 49.542975
3 5 49.709820
4 15 15.451866
4 12 40.483559
4 7 11.342776
4 6 23.192008
5 11 17.011465
5 10 32.076602
5 9 4.661942
6 14 9.419598
6 12 17.714165
6 11 43.981120
7 14 38.687866
8 15 22.183653
8 14 42.526070
8 12 28.610594
10 15 44.133847
10 13 26.230159
10 12 8.233559
11 12 1.540293
