18 32 1 10228 1035 0
30.223530
4.270852
34.364139
25.034371
21.696071
31.512142
8.971457
12.651788
23.521726
18.997432
19.664615
7.253038
37.124997
22.656261
3.218617
41.339696
49.239079
25.561992
0 7 47.499522
0 2 38.390279
1 17 34.360039
1 7 43.199604
2 16 12.962029
2 14 13.836538
2 10 46.557256
2 9 23.529636
3 16 19.094439
3 8 12.433536
4 9 7.877495
4 7 47.063329
5 17 43.208301
5 10 0.198372
5 9 25.528021
5 6 21.988910
6 13 37.888670
7 16 23.211298
7 15 3.237363
7 13 40.234163
7 12 8.311867
8 17 35.458177
9 16 48.130770
11 17 35.790517
11 16 4.213520
11 12 45.291105
12 13 34.179316
13 17 39.633126
13 16 26.542759
13 15 23.814535
15 17 39.268949
15 16 25.098324
