19 44 1 11025 60 0
21.795641
31.971698
38.812232
4.105082
32.564136
47.666473
39.252365
41.715793
40.263642
41.064575
19.050017
37.861499
23.091050
17.814564
49.954822
14.077592
25.322199
17.825875
18.876774
0 14 38.100539
0 12 24.214031
0 6 37.586067
0 3 9.533027
0 2 9.557813
1 18 33.323893
1 17 21.431472
1 7 17.364729
1 6 47.859727
1 5 14.788919
2 18 5.294844
2 16 8.625536
2 13 28.944544
2 10 43.111166
3 18 1.762299
3 14 11.898910
3 13 19.828269
3 9 20.156651
3 6 35.328032
4 18 46.395686
4 10 29.325509
4 7 23.438342
5 18 45.015169
5 12 26.293535
5 10 5.834274
6 17 32.450415
6 15 46.935949
6 13 4.285461
6 10 17.516052
7 18 18.902629
7 9 8.333667
7 8 9.141189
8 17 16.914479
8 15 35.576271
9 18 8.987518
9 11 47.128356
10 16 11.691536
11 18 39.070008
13 16 11.369769
14 18 49.581600
14 16 6.445998
14 15 28.333161
15 18 23.107967
17 18 29.262439
