18 32 1 11260 1162 0
40.003461
1.946486
2.997468
21.537354
13.567395
16.020526
15.917855
32.987848
33.124015
4.512009
38.404771
4.745800
36.610880
19.616687
0.391609
46.563612
17.657900
47.603141
0 7 43.879200
0 2 30.881086
1 17 44.063619
1 7 6.519127
2 16 26.502391
2 14 33.289031
2 10 5.289081
2 9 33.335227
3 16 44.829847
3 8 24.307075
4 9 29.890470
4 7 15.259710
5 17 12.176890
5 10 37.911928
5 9 48.434202
5 6 10.171639
6 13 48.672592
7 16 36.471556
7 15 10.055161
7 13 23.001701
7 12 43.881606
8 17 17.946292
9 16 29.583225
11 17 7.457236
11 16 48.184140
11 12 35.160773
12 13 39.195401
13 17 46.369852
13 16 2.291073
13 15 13.940789
15 17 39.851607
15 16 43.038677
