19 44 1 1125 243 0
33.851401
16.909856
6.265574
27.474803
22.382078
4.618785
21.515715
38.219852
20.449950
12.186834
31.327102
8.445136
18.226963
20.216995
38.476827
43.697379
49.708183
32.236715
25.842569
0 14 35.331088
0 12 47.383270
0 6 35.880171
0 3 10.252809
0 2 33.290065
1 18 40.699370
1 17 8.973579
1 7 6.600411
1 6 29.991305
1 5 7.964097
2 18 31.669146
2 16 49.538258
2 13 38.377894
2 10 28.591109
3 18 19.463436
3 14 7.917842
3 13 36.497320
3 9 15.522226
3 6 36.969108
4 18 32.358595
4 10 0.897212
4 7 20.594009
5 18 30.667191
5 12 46.319172
5 10 38.413616
6 17 28.869652
6 15 24.434200
6 13 10.197044
6 10 48.163162
7 18 44.887367
7 9 49.615977
7 8 22.421121
8 17 8.106320
8 15 8.490789
9 18 13.718381
9 11 15.334601
10 16 13.907349
11 18 24.486384
13 16 13.123031
14 18 5.233035
14 16 25.088826
14 15 21.619408
15 18 12.510596
17 18 12.335120
