18 32 1 12420 381 0
12.942127
16.643425
7.871306
8.755821
1.065232
6.011058
26.890038
48.358724
8.342747
21.803871
33.296681
2.457081
24.305242
44.973390
44.780530
43.712510
49.201225
49.822162
0 7 39.350443
0 2 41.770501
1 17 26.689165
1 7 39.808831
2 16 33.378320
2 14 8.526398
2 10 12.582026
2 9 23.323884
3 16 30.224346
3 8 26.464390
4 9 22.747841
4 7 28.918255
5 17 37.264218
5 10 1.017911
5 9 46.936006
5 6 31.866910
6 13 2.401476
7 16 4.512836
7 15 3.854315
7 13 42.477549
7 12 49.951814
8 17 43.913095
9 16 22.472472
11 17 32.987172
11 16 41.626096
11 12 9.811203
12 13 44.258699
13 17 20.418458
13 16 41.952954
13 15 13.567665
15 17 21.655506
15 16 25.175409
