17 35 1 1162 75 0
22.801358
0.439845
37.032630
32.997807
37.629285
35.643074
37.556927
19.370652
32.084868
38.861920
1.338000
4.902058
3.911585
3.112730
18.567299
24.191101
38.850781
0 13 0.676277
0 11 27.941129
0 6 4.691463
0 3 8.374186
0 2 42.655960
1 3 14.737908
1 2 10.260713
2 16 33.760073
2 12 24.814632
2 4 48.329843
3 15 4.314808
3 13 42.542575
3 11 19.038495
3 7 47.088313
3 4 16.011932
4 16 11.002006
4 12 33.270619
4 11 47.049535
5 13 12.818572
6 14 27.156543
6 11 22.706770
7 13 16.433248
7 10 29.676453
7 8 43.668041
8 13 16.951202
8 12 14.948792
8 10 9.698379
9 16 14.442737
9 13 4.936000
9 10 0.888100
10 13 32.810463
11 13 37.636140
12 16 0.833242
12 14 4.043165
15 16 40.109395
