16 27 1 1150 297 0
19.388975
29.132333
37.379563
3.491662
0.751741
36.902589
16.002258
32.568193
49.237709
26.676015
3.172797
6.460196
4.976371
23.393380
16.487891
5.697847
0 6 29.727259
0 4 44.362670
0 2 47.831351
1 13 0.225980
1 11 13.744671
3 12 40.848051
3 10 33.963322
3 6 17.520589
3 5 47.576070
4 15 6.843959
4 12 41.802741
4 7 30.896004
4 6 49.522232
5 11 47.500646
5 10 7.462180
5 9 10.196450
6 14 48.610444
6 12 31.741368
6 11 1.304993
7 14 22.817190
8 15 1.774729
8 14 20.279516
8 12 32.108978
10 15 39.090348
10 13 42.700257
10 12 28.012860
11 12 18.780524
