15 34 1 11766 707 0
19.623099
19.532280
48.390734
23.808978
41.194981
24.940865
4.908972
23.084365
22.834615
20.463964
43.710191
32.560371
43.695922
14.359081
9.510678
0 10 30.646492
0 9 25.419793
0 8 22.847826
0 4 18.909510
1 10 11.966132
1 9 4.758883
1 8 42.283649
1 5 45.153842
1 4 1.445044
1 3 10.639584
2 14 5.881102
2 12 30.162994
2 9 8.415064
2 7 22.675659
3 9 44.322880
3 6 0.486114
3 5 32.071995
4 13 38.689208
4 11 1.413183
4 10 43.126886
4 6 26.864277
5 8 46.383276
5 7 29.707714
6 9 31.396777
7 14 6.223239
7 12 6.406781
7 10 27.616811
8 12 41.069809
8 9 37.196732
9 13 27.007310
9 11 0.780207
10 11 6.488984
12 14 3.399331
13 14 37.772024
