16 27 1 12066 100 0
35.339840
3.955734
18.527422
48.036786
42.042690
34.631090
0.077576
17.546265
36.700044
17.919257
40.798979
4.126023
8.321345
35.107592
5.629813
13.594845
0 6 46.835943
0 4 45.393264
0 2 32.598188
1 13 18.467156
1 11 42.379198
3 12 47.715945
3 10 24.801215
3 6 17.329320
3 5 42.546112
4 15 8.177840
4 12 20.487832
4 7 2.135066
4 6 26.174673
5 11 11.313899
5 10 28.041637
5 9 48.090863
6 14 10.978763
6 12 19.962687
6 11 28.853856
7 14 0.205636
8 15 30.199249
8 14 10.171012
8 12 36.511958
10 15 15.141518
10 13 13.357075
10 12 13.646871
11 12 31.574774
