17 35 1 10585 468 0
47.740029
25.247341
6.411883
15.237564
40.757474
28.660817
31.317919
3.356660
5.034968
5.343717
37.094818
20.379205
16.558038
48.408856
17.345819
41.936658
26.859794
0 13 41.984587
0 11 4.347059
0 6 24.630563
0 3 23.640797
0 2 43.381747
1 3 13.161440
1 2 41.581709
2 16 35.431312
2 12 4.128198
2 4 7.586524
3 15 31.986795
3 13 37.823982
3 11 48.038003
3 7 3.888550
3 4 25.549006
4 16 23.306653
4 12 21.349419
4 11 2.256615
5 13 37.336042
6 14 0.347898
6 11 47.903753
7 13 18.409072
7 10 11.225653
7 8 6.314512
8 13 4.509261
8 12 48.142865
8 10 24.844221
9 16 23.826567
9 13 44.170035
9 10 19.329083
10 13 23.540325
11 13 37.252634
12 16 20.289448
12 14 40.869726
15 16 15.406660
