17 35 1 10975 1285 0
40.650486
37.707312
28.881181
17.026294
49.513855
3.244613
32.897116
48.944429
42.884134
1.969076
27.357814
10.843601
31.864989
45.436090
34.709252
0.796347
44.855789
0 13 43.251906
0 11 44.761336
0 6 2.732864
0 3 26.829695
0 2 46.928486
1 3 24.719162
1 2 1.950805
2 16 9.792998
2 12 33.468249
2 4 39.171972
3 15 9.716408
3 13 29.596996
3 11 15.474215
3 7 43.550473
3 4 25.149849
4 16 5.766093
4 12 20.884303
4 11 5.870168
5 13 14.151834
6 14 14.540072
6 11 30.824956
7 13 30.222832
7 10 43.846301
7 8 22.433878
8 13 16.835122
8 12 14.027412
8 10 49.722251
9 16 38.237014
9 13 34.065006
9 10 26.106770
10 13 26.134308
11 13 27.616610
12 16 32.400293
12 14 20.635779
15 16 16.186642
