15 34 1 11320 964 0
0.130397
3.634278
45.342447
2.421470
37.916058
9.283236
3.146745
27.767665
33.395665
46.185422
16.291864
48.560818
25.695656
47.552274
23.781132
0 10 48.196572
0 9 35.558997
0 8 12.367230
0 4 30.132303
1 10 46.288829
1 9 17.052439
1 8 7.917505
1 5 32.743071
1 4 16.892749
1 3 47.230108
2 14 24.293407
2 12 22.460964
2 9 39.909009
2 7 18.352937
3 9 44.342042
3 6 12.250959
3 5 17.719597
4 13 7.117708
4 11 13.093109
4 10 32.590125
4 6 40.392759
5 8 34.860583
5 7 16.404917
6 9 0.197925
7 14 3.981004
7 12 2.611886
7 10 3.941378
8 12 30.335484
8 9 43.719236
9 13 32.320214
9 11 14.593632
10 11 30.599891
12 14 42.381128
13 14 12.400055
