19 44 1 10357 89 0
36.616662
33.282743
6.182976
9.826131
16.535221
36.792670
45.076665
7.202395
37.223507
16.300857
45.328472
34.137429
37.237043
42.754672
1.495851
49.046253
48.041435
30.613913
18.837076
0 14 47.044105
0 12 38.339177
0 6 19.597530
0 3 15.231685
0 2 35.946168
1 18 40.542270
1 17 22.130882
1 7 17.028430
1 6 40.360234
1 5 27.033677
2 18 41.044606
2 16 42.891101
2 13 30.571578
2 10 26.677887
3 18 33.687208
3 14 48.454907
3 13 1.127672
3 9 11.459044
3 6 9.885042
4 18 19.497704
4 10 12.204948
4 7 6.676664
5 18 33.864988
5 12 16.292843
5 10 27.526193
6 17 21.787852
6 15 36.661055
6 13 43.752834
6 10 0.324726
7 18 46.850463
7 9 27.722521
7 8 14.743248
8 17 32.099455
8 15 49.575394
9 18 2.893020
9 11 37.815706
10 16 29.113073
11 18 49.433798
13 16 18.197463
14 18 37.203283
14 16 9.053161
14 15 14.294455
15 18 23.670088
17 18 12.946848
