16 27 1 11466 1658 0
26.305976
15.723617
0.866550
40.452952
30.350120
18.596971
8.161820
28.596146
1.377494
30.714409
40.311469
35.813814
24.630520
17.365927
38.422936
15.518307
0 6 27.368658
0 4 20.394498
0 2 21.819885
1 13 16.258262
1 11 12.458847
3 12 4.788761
3 10 4.619223
3 6 7.353164
3 5 22.326453
4 15 21.378150
4 12 26.816685
4 7 31.272719
4 6 10.254379
5 11 14.007993
5 10 38.950115
5 9 0.403207
6 14 6.752523
6 12 8.048148
6 11 13.053268
7 14 33.306904
8 15 3.189979
8 14 21.708916
8 12 44.698501
10 15 38.734401
10 13 37.281794
10 12 19.701528
11 12 39.652521
