15 34 1 12077 873 0
42.245466
36.757619
19.290396
40.336330
11.635200
30.269159
33.820457
31.597886
23.846109
12.674314
20.027729
24.051746
33.907367
0.226978
21.973326
0 10 44.078380
0 9 8.485284
0 8 20.368960
0 4 34.935786
1 10 1.190225
1 9 25.263093
1 8 9.813477
1 5 25.688144
1 4 25.258007
1 3 31.450556
2 14 24.080963
2 12 49.414793
2 9 35.565824
2 7 25.706579
3 9 45.996474
3 6 31.590896
3 5 31.160999
4 13 11.653566
4 11 27.619535
4 10 45.218277
4 6 15.370046
5 8 45.781922
5 7 3.493910
6 9 37.343683
7 14 33.915830
7 12 44.346253
7 10 30.513954
8 12 13.675642
8 9 5.850153
9 13 25.697348
9 11 15.315777
10 11 41.921481
12 14 47.364425
13 14 48.006735
