15 34 1 10885 226 0
48.517219
46.640791
38.940234
48.202417
2.385215
3.872422
11.838068
15.719903
10.066693
44.956601
4.691067
48.168942
31.075679
3.981759
43.321042
0 10 30.109791
0 9 42.029515
0 8 21.464372
0 4 24.430969
1 10 7.395630
1 9 24.935735
1 8 25.111005
1 5 48.608519
1 4 31.585312
1 3 25.916512
2 14 47.634524
2 12 41.625797
2 9 39.855627
2 7 18.045494
3 9 17.658077
3 6 31.345611
3 5 21.773952
4 13 5.594926
4 11 9.319903
4 10 19.804657
4 6 22.790926
5 8 33.538602
5 7 27.808485
6 9 34.878209
7 14 27.396431
7 12 39.181526
7 10 40.583654
8 12 38.385383
8 9 17.389721
9 13 18.463849
9 11 28.458130
10 11 32.815667
12 14 23.184586
13 14 43.470405
