18 32 1 12125 324 0
14.311042
34.905384
43.359226
33.035935
42.477451
3.630322
20.801320
2.626838
16.853080
41.313580
14.929188
23.745466
11.773006
0.430206
2.369132
28.131807
14.091430
49.579968
0 7 30.688445
0 2 42.747818
1 17 41.403453
1 7 36.483416
2 16 16.450399
2 14 19.106044
2 10 41.893044
2 9 27.472702
3 16 16.453021
3 8 38.882592
4 9 22.576991
4 7 28.567921
5 17 29.481137
5 10 37.936384
5 9 18.472734
5 6 31.430238
6 13 20.899002
7 16 2.663607
7 15 49.500360
7 13 10.006869
7 12 10.534721
8 17 8.518076
9 16 12.530000
11 17 37.680034
11 16 5.940930
11 12 16.237362
12 13 32.298297
13 17 16.024099
13 16 35.146210
13 15 43.629704
15 17 5.988297
15 16 2.780123
