17 35 1 11833 159 0
32.039496
23.489460
17.307131
4.370083
30.462185
36.309761
39.578920
38.772960
35.347678
15.159431
4.910770
47.273085
34.510948
24.053805
9.858007
2.445983
48.978977
0 13 4.001353
0 11 9.327472
0 6 3.217198
0 3 31.809750
0 2 12.847670
1 3 10.062348
1 2 49.947519
2 16 40.467013
2 12 4.929060
2 4 3.899164
3 15 34.416016
3 13 26.586499
3 11 47.582894
3 7 34.086395
3 4 33.717591
4 16 20.615676
4 12 23.688743
4 11 46.206748
5 13 33.831554
6 14 33.646647
6 11 41.628842
7 13 5.106742
7 10 31.330924
7 8 15.013340
8 13 40.410851
8 12 27.498804
8 10 11.584629
9 16 24.402315
9 13 27.944888
9 10 30.804223
10 13 45.021088
11 13 49.381423
12 16 31.363047
12 14 45.615771
15 16 23.604669
