17 35 1 11716 123 0
22.447110
12.310888
42.343786
27.055377
1.411790
10.403948
6.846921
38.272685
9.452823
35.711224
47.936427
6.572846
42.252608
32.563378
17.269367
15.681088
32.776863
0 13 14.904155
0 11 48.719598
0 6 26.362521
0 3 23.485301
0 2 3.313159
1 3 47.056494
1 2 46.014592
2 16 45.674751
2 12 46.789404
2 4 9.737270
3 15 29.577050
3 13 16.646175
3 11 45.946381
3 7 7.540882
3 4 40.488388
4 16 11.286622
4 12 6.041644
4 11 21.734258
5 13 37.103112
6 14 25.993553
6 11 2.193007
7 13 13.643913
7 10 27.495665
7 8 6.533078
8 13 32.048792
8 12 31.478422
8 10 14.280302
9 16 26.914116
9 13 21.343619
9 10 38.736442
10 13 7.676967
11 13 17.224550
12 16 10.029284
12 14 46.122775
15 16 34.178367
