19 44 1 85 179 0
32.873581
10.687178
21.145109
35.712152
21.639728
31.440125
42.636416
8.182767
48.550389
7.270823
16.975530
42.586090
5.447661
47.318487
25.877498
4.623623
45.223062
6.289113
20.641034
0 14 3.826297
0 12 4.840652
0 6 40.358664
0 3 41.767720
0 2 12.108192
1 18 20.571226
1 17 5.864178
1 7 3.142465
1 6 2.898133
1 5 34.212745
2 18 33.132979
2 16 28.056430
2 13 46.931229
2 10 1.596568
3 18 20.597979
3 14 22.195885
3 13 5.542248
3 9 6.004561
3 6 2.965939
4 18 31.520343
4 10 20.762878
4 7 47.071487
5 18 33.349974
5 12 18.203385
5 10 34.796541
6 17 47.329007
6 15 43.899698
6 13 43.648591
6 10 0.760354
7 18 42.385779
7 9 3.130840
7 8 45.782609
8 17 41.618201
8 15 4.574000
9 18 49.559450
9 11 9.658271
10 16 38.185912
11 18 46.949384
13 16 6.943709
14 18 7.783993
14 16 17.568898
14 15 9.669771
15 18 30.498436
17 18 2.299522
