15 34 1 11516 293 0
5.992711
35.875471
44.056511
19.045979
10.181881
27.363415
44.558094
13.371860
15.459080
16.267010
21.181063
10.157582
45.329090
9.915463
27.182537
0 10 32.610884
0 9 46.884064
0 8 9.680536
0 4 39.002020
1 10 20.416746
1 9 44.379236
1 8 4.034252
1 5 9.752618
1 4 35.566953
1 3 13.574866
2 14 5.809970
2 12 49.171027
2 9 6.397361
2 7 40.362893
3 9 10.767127
3 6 43.737480
3 5 20.306370
4 13 40.087373
4 11 38.479855
4 10 39.574342
4 6 24.392064
5 8 40.821896
5 7 13.527821
6 9 47.944670
7 14 46.202603
7 12 3.707706
7 10 2.457817
8 12 21.194403
8 9 18.316770
9 13 25.410121
9 11 11.835652
10 11 22.461906
12 14 9.769145
13 14 12.128928
