15 34 1 10342 680 0
5.165722
15.675196
20.495139
23.932595
40.044204
26.661941
13.738334
11.841223
23.961415
41.161030
48.560437
41.315140
17.108589
35.855346
22.344258
0 10 41.729665
0 9 28.435802
0 8 16.139373
0 4 12.853750
1 10 9.181479
1 9 30.555547
1 8 19.239613
1 5 41.739502
1 4 12.041064
1 3 19.821144
2 14 47.458902
2 12 49.711994
2 9 20.444500
2 7 7.860562
3 9 7.981613
3 6 34.103897
3 5 34.680956
4 13 15.249680
4 11 3.413316
4 10 35.778580
4 6 12.044076
5 8 41.512976
5 7 23.209469
6 9 30.609694
7 14 40.667175
7 12 21.224193
7 10 46.913922
8 12 47.426201
8 9 11.809210
9 13 29.118062
9 11 49.002670
10 11 19.502101
12 14 25.761658
13 14 34.503954
