16 27 1 10285 991 0
12.729865
49.163698
12.843525
36.041295
36.848285
41.913728
16.213807
39.998837
49.064592
12.314573
32.894253
46.212202
28.701870
1.904448
29.451960
12.088409
0 6 23.032463
0 4 35.729661
0 2 21.954531
1 13 24.249053
1 11 30.179632
3 12 20.534610
3 10 46.139775
3 6 48.309075
3 5 26.578004
4 15 44.910935
4 12 3.066328
4 7 3.425125
4 6 23.439314
5 11 48.343122
5 10 38.223826
5 9 14.229593
6 14 0.061968
6 12 23.369124
6 11 24.911131
7 14 43.632393
8 15 39.320398
8 14 5.237887
8 12 41.581309
10 15 44.329814
10 13 14.699562
10 12 31.585602
11 12 0.365490
