17 35 1 12460 10 0
37.346108
29.055542
35.760830
3.221487
33.071817
46.039104
23.168898
23.583658
25.418968
14.425322
33.578237
26.597242
18.616855
22.507116
9.385127
0.117432
34.628993
0 13 12.512083
0 11 1.466785
0 6 27.737463
0 3 44.531023
0 2 35.427683
1 3 21.036486
1 2 36.488371
2 16 4.403458
2 12 28.908992
2 4 48.615730
3 15 30.793843
3 13 0.367063
3 11 5.777625
3 7 13.836020
3 4 36.349432
4 16 12.913733
4 12 43.298963
4 11 26.792576
5 13 0.968675
6 14 37.985220
6 11 8.810978
7 13 3.453709
7 10 2.169868
7 8 10.843261
8 13 15.482111
8 12 6.026955
8 10 31.658379
9 16 41.495119
9 13 33.358323
9 10 15.720745
10 13 19.284590
11 13 18.569270
12 16 43.014997
12 14 33.619979
15 16 16.685446
