17 35 1 11657 260 0
49.600357
24.208325
7.088356
20.915429
9.299599
23.388872
3.933001
34.003484
29.223690
5.890847
11.345455
9.433506
27.007309
21.056433
35.646314
18.258142
37.043196
0 13 41.536018
0 11 42.136518
0 6 0.690851
0 3 39.834621
0 2 2.520345
1 3 8.225299
1 2 9.606098
2 16 29.866412
2 12 45.810353
2 4 43.114022
3 15 4.714843
3 13 48.422914
3 11 38.462961
3 7 37.612999
3 4 43.502734
4 16 46.562590
4 12 14.585607
4 11 18.735279
5 13 10.454826
6 14 5.125563
6 11 38.508313
7 13 43.241226
7 10 2.072858
7 8 31.928834
8 13 23.889480
8 12 17.082436
8 10 2.160362
9 16 39.210013
9 13 23.361770
9 10 0.142718
10 13 32.694153
11 13 1.903255
12 16 35.404415
12 14 12.556218
15 16 29.208435
