18 32 1 10987 358 0
29.787358
18.281386
27.871110
2.221236
45.595936
44.706233
13.827086
9.623348
21.257762
13.549337
3.247757
9.494777
28.745802
37.312763
41.282264
4.852572
46.527618
17.416572
0 7 36.725436
0 2 14.435183
1 17 7.631007
1 7 15.677856
2 16 20.246813
2 14 20.829247
2 10 11.165584
2 9 12.963283
3 16 2.837841
3 8 33.742927
4 9 18.182567
4 7 30.214265
5 17 14.495466
5 10 8.743087
5 9 13.812640
5 6 23.194301
6 13 29.414934
7 16 19.663804
7 15 22.700446
7 13 10.863590
7 12 8.651964
8 17 37.629156
9 16 32.309441
11 17 8.854242
11 16 9.151657
11 12 1.812210
12 13 47.597857
13 17 48.764548
13 16 40.986542
13 15 17.871053
15 17 12.778340
15 16 5.337257
