18 32 1 10842 1051 0
11.419643
28.033583
4.850009
24.910622
33.035600
24.137739
27.102933
15.291810
47.254949
48.411578
34.834826
36.868661
29.456817
41.852103
23.779253
38.581732
34.629297
45.534489
0 7 8.204648
0 2 37.433805
1 17 4.160766
1 7 3.787375
2 16 34.175474
2 14 14.552043
2 10 8.253287
2 9 18.309430
3 16 0.882308
3 8 37.241034
4 9 16.636840
4 7 26.396819
5 17 21.364644
5 10 43.323769
5 9 44.435368
5 6 40.678386
6 13 2.451598
7 16 49.438253
7 15 23.940432
7 13 14.126389
7 12 32.048275
8 17 48.391752
9 16 4.650118
11 17 3.404858
11 16 18.046212
11 12 33.517667
12 13 25.141876
13 17 36.154718
13 16 15.768122
13 15 41.650417
15 17 7.431554
15 16 12.843506
