18 32 1 1466 343 0
10.289877
12.310697
7.863858
10.927490
12.617571
42.935827
8.332328
4.712424
13.867980
10.178718
10.152400
38.146365
23.676712
5.107953
13.549723
43.717097
31.563105
4.696634
0 7 0.655410
0 2 29.141461
1 17 48.032076
1 7 14.510297
2 16 39.115363
2 14 43.634043
2 10 43.833813
2 9 26.576502
3 16 14.851409
3 8 44.633499
4 9 43.906497
4 7 33.362456
5 17 46.647843
5 10 9.166850
5 9 0.756265
5 6 14.894201
6 13 19.886939
7 16 33.632269
7 15 14.742361
7 13 18.653558
7 12 49.512464
8 17 18.123530
9 16 16.211520
11 17 45.043950
11 16 33.894105
11 12 4.246667
12 13 48.178927
13 17 31.859498
13 16 44.648291
13 15 5.024337
15 17 31.756303
15 16 46.816230
