17 35 1 13960 1668 0
46.805304
15.605550
33.830102
32.340129
34.853667
14.982430
1.210097
13.813838
0.343290
40.224380
44.257505
37.077249
16.951155
18.116826
10.050741
19.600160
40.318807
0 13 17.446045
0 11 35.832588
0 6 33.454106
0 3 21.654798
0 2 31.859910
1 3 46.854860
1 2 3.578821
2 16 21.537900
2 12 24.117635
2 4 4.038039
3 15 5.088126
3 13 39.443354
3 11 12.109382
3 7 12.263661
3 4 36.571344
4 16 20.545015
4 12 26.608885
4 11 39.765402
5 13 43.475198
6 14 29.604317
6 11 13.220800
7 13 0.067703
7 10 16.746710
7 8 35.983992
8 13 25.483632
8 12 29.964409
8 10 7.873907
9 16 25.884264
9 13 45.928366
9 10 0.209496
10 13 20.011745
11 13 36.517097
12 16 27.132114
12 14 6.683620
15 16 37.702700
