18 32 1 14440 348 0
46.818090
6.061949
39.262509
28.076743
15.660056
23.741982
19.346654
12.109301
13.760615
37.539364
22.696935
44.777364
42.912522
29.643600
44.588626
17.849482
23.425862
47.197806
0 7 15.951182
0 2 28.591514
1 17 36.985880
1 7 15.271012
2 16 42.114870
2 14 17.590684
2 10 22.486519
2 9 23.084368
3 16 42.485516
3 8 35.491010
4 9 0.853726
4 7 49.371534
5 17 44.028989
5 10 3.194261
5 9 10.133538
5 6 35.815421
6 13 8.134829
7 16 19.300091
7 15 23.174720
7 13 14.008673
7 12 26.400715
8 17 32.312009
9 16 46.008131
11 17 10.636261
11 16 44.140802
11 12 0.325817
12 13 45.378897
13 17 18.545188
13 16 41.981407
13 15 28.025502
15 17 48.359571
15 16 28.199665
