18 32 1 12757 245 0
21.739136
26.170823
24.024229
8.301551
48.247144
31.957699
40.706980
34.216111
5.065973
9.237887
24.227230
12.707496
5.599622
34.129985
40.623566
23.980171
44.573131
1.416081
0 7 1.925442
0 2 40.299112
1 17 21.654273
1 7 31.342019
2 16 10.374061
2 14 6.295585
2 10 37.102806
2 9 17.121764
3 16 36.336272
3 8 43.084734
4 9 49.585019
4 7 36.281139
5 17 10.858203
5 10 7.942234
5 9 15.860932
5 6 2.897850
6 13 20.867321
7 16 38.381668
7 15 13.344161
7 13 25.742083
7 12 24.825203
8 17 14.669163
9 16 10.072389
11 17 23.055043
11 16 47.159835
11 12 23.451913
12 13 14.290484
13 17 20.557102
13 16 1.613813
13 15 26.630456
15 17 31.014701
15 16 35.261120
