17 35 1 13508 270 0
25.075192
47.067078
42.414057
26.774743
46.876412
31.924393
18.676625
45.388741
27.253225
8.189911
24.722225
32.361109
27.261453
18.867465
25.406974
37.074637
40.402230
0 13 12.161111
0 11 37.724504
0 6 32.538596
0 3 6.166872
0 2 32.021863
1 3 28.942946
1 2 30.843440
2 16 43.346602
2 12 7.149424
2 4 24.786930
3 15 38.797970
3 13 16.327043
3 11 44.897896
3 7 24.249334
3 4 24.095126
4 16 4.167591
4 12 44.986437
4 11 43.344544
5 13 16.066691
6 14 44.190520
6 11 1.256692
7 13 16.359964
7 10 37.868832
7 8 10.010651
8 13 29.827910
8 12 34.092073
8 10 4.973252
9 16 15.613761
9 13 49.107267
9 10 13.636509
10 13 1.187066
11 13 9.458629
12 16 9.696196
12 14 23.698536
15 16 2.314588
