15 34 1 14328 136 0
0.087592
35.940083
40.324225
9.924859
7.402643
5.672814
12.102508
48.105056
43.803378
49.153598
37.596867
38.950804
19.491841
31.929872
22.698561
0 10 42.130469
0 9 5.794630
0 8 1.609584
0 4 6.966373
1 10 30.957350
1 9 15.167053
1 8 40.247886
1 5 37.250171
1 4 16.108904
1 3 48.005238
2 14 30.592897
2 12 38.136271
2 9 47.481429
2 7 16.294820
3 9 6.781710
3 6 9.130795
3 5 37.536006
4 13 36.781775
4 11 23.657391
4 10 27.325172
4 6 20.115629
5 8 3.778201
5 7 8.513537
6 9 18.044527
7 14 14.218626
7 12 0.656203
7 10 19.727817
8 12 23.509476
8 9 26.082342
9 13 3.641479
9 11 38.028988
10 11 31.776230
12 14 27.697699
13 14 14.710584
