18 32 1 133 16 0
0.885166
0.186901
14.941447
45.469306
49.746352
1.035790
5.127577
20.068680
39.221702
11.857335
17.018064
10.757589
18.801043
32.170832
18.541582
10.541293
49.739730
23.654582
0 7 20.211064
0 2 4.153018
1 17 13.507847
1 7 22.092945
2 16 38.028931
2 14 17.460113
2 10 34.154752
2 9 36.615564
3 16 13.814585
3 8 0.131989
4 9 6.430595
4 7 30.799497
5 17 0.111281
5 10 5.619490
5 9 10.141833
5 6 42.307444
6 13 16.567545
7 16 3.882321
7 15 31.872270
7 13 38.268540
7 12 49.762571
8 17 6.329863
9 16 24.073931
11 17 33.013522
11 16 29.307342
11 12 6.830678
12 13 22.499203
13 17 9.186596
13 16 37.230714
13 15 41.263346
15 17 20.165306
15 16 27.725444
