17 35 1 13533 477 0
44.159968
13.877835
24.736935
40.324116
16.920569
33.044652
21.812310
27.491366
45.200985
2.261058
18.792620
12.393000
49.474461
0.282959
30.794200
23.148715
24.765556
0 13 24.103120
0 11 44.555000
0 6 1.019878
0 3 30.133809
0 2 16.439682
1 3 3.743937
1 2 32.025348
2 16 44.048367
2 12 8.895613
2 4 12.823752
3 15 6.184792
3 13 37.141250
3 11 9.107738
3 7 7.920311
3 4 30.328449
4 16 34.156253
4 12 30.115734
4 11 14.640386
5 13 41.933824
6 14 0.415242
6 11 7.543645
7 13 8.261906
7 10 38.317858
7 8 35.472175
8 13 36.682755
8 12 39.153736
8 10 38.611045
9 16 1.313396
9 13 25.829235
9 10 7.109479
10 13 40.302734
11 13 10.589253
12 16 19.976986
12 14 1.554078
15 16 20.003834
