15 34 1 12675 958 0
28.765415
28.845356
9.713312
6.931952
19.814847
32.364185
10.225074
11.724323
13.541338
2.938158
47.376541
8.364590
40.510763
29.548492
30.862485
0 10 36.775576
0 9 29.783891
0 8 21.725441
0 4 24.996706
1 10 22.967187
1 9 24.470560
1 8 27.405997
1 5 9.180661
1 4 13.927725
1 3 29.745235
2 14 7.840864
2 12 31.084752
2 9 25.650758
2 7 16.941728
3 9 24.533672
3 6 14.877833
3 5 32.505675
4 13 45.557139
4 11 9.973787
4 10 19.768795
4 6 38.955397
5 8 34.768004
5 7 29.401666
6 9 36.393316
7 14 31.974682
7 12 14.189069
7 10 28.247971
8 12 9.380733
8 9 29.296731
9 13 37.914076
9 11 22.812682
10 11 15.139651
12 14 47.453633
13 14 9.549472
