18 32 1 13372 1058 0
48.564951
4.451577
20.001321
5.860526
37.088925
12.058861
13.680248
34.949745
0.900852
48.131754
35.960603
19.583750
10.926197
4.857819
37.945105
46.384199
33.541258
32.327323
0 7 45.642567
0 2 3.347805
1 17 1.039381
1 7 35.417995
2 16 1.720651
2 14 36.822488
2 10 33.630195
2 9 12.197097
3 16 41.247965
3 8 15.690377
4 9 34.235767
4 7 3.059967
5 17 36.174980
5 10 25.054190
5 9 10.370363
5 6 6.447408
6 13 17.745362
7 16 4.176983
7 15 10.654429
7 13 40.648480
7 12 4.869334
8 17 20.120599
9 16 12.858407
11 17 42.131045
11 16 31.603718
11 12 9.034585
12 13 24.412652
13 17 36.035855
13 16 26.080715
13 15 34.707717
15 17 19.685492
15 16 42.464008
