15 34 1 1375 619 0
27.687600
34.962025
8.045321
19.063621
49.297085
40.467463
38.342418
21.678527
16.060855
1.427513
12.068621
12.649637
15.793274
47.412121
14.005900
0 10 11.841973
0 9 14.452321
0 8 39.789544
0 4 14.694967
1 10 32.763603
1 9 7.552330
1 8 20.641268
1 5 24.124625
1 4 27.236406
1 3 39.052051
2 14 8.383735
2 12 34.642446
2 9 45.580369
2 7 42.130883
3 9 1.863232
3 6 22.235906
3 5 5.196580
4 13 47.002560
4 11 5.381398
4 10 28.994810
4 6 11.200262
5 8 47.784024
5 7 36.095946
6 9 12.848260
7 14 30.995299
7 12 9.632380
7 10 31.419824
8 12 19.441297
8 9 30.344784
9 13 35.230199
9 11 1.115183
10 11 45.913221
12 14 44.154332
13 14 1.297887
