15 34 1 1387 141 0
16.839836
35.464755
47.655102
2.935783
7.373403
10.503362
16.268135
38.368702
12.403672
25.900515
27.747737
43.823497
20.175341
47.189033
20.823689
0 10 0.520124
0 9 6.053888
0 8 9.876397
0 4 28.641362
1 10 7.674324
1 9 17.486046
1 8 26.170453
1 5 44.890785
1 4 14.618579
1 3 39.639126
2 14 37.728943
2 12 33.822497
2 9 12.546161
2 7 3.845382
3 9 29.898353
3 6 27.193346
3 5 9.795629
4 13 13.146618
4 11 46.767227
4 10 35.860185
4 6 13.345123
5 8 11.651605
5 7 1.124974
6 9 31.499600
7 14 36.897929
7 12 33.297915
7 10 21.281214
8 12 0.724517
8 9 26.843425
9 13 40.197032
9 11 5.604314
10 11 37.160255
12 14 0.637612
13 14 35.071968
