18 32 1 13828 314 0
48.557629
7.862182
18.410818
40.660041
25.347790
11.838490
42.084317
17.167801
46.416829
21.147161
12.478675
44.054702
5.276966
34.890881
12.528693
1.081303
11.788092
38.191374
0 7 14.604788
0 2 25.860497
1 17 20.587147
1 7 10.165973
2 16 43.160618
2 14 15.286958
2 10 7.117383
2 9 27.677246
3 16 4.504627
3 8 37.366691
4 9 20.192837
4 7 17.736106
5 17 27.838222
5 10 17.562393
5 9 24.094376
5 6 28.558289
6 13 46.590812
7 16 9.260627
7 15 38.775817
7 13 0.928598
7 12 16.417885
8 17 1.751499
9 16 30.060143
11 17 49.063470
11 16 32.453781
11 12 31.153715
12 13 20.213682
13 17 35.318130
13 16 21.902893
13 15 38.418819
15 17 32.231008
15 16 34.696433
