15 34 1 13318 75 0
47.490952
48.009586
3.087997
43.146530
21.302284
48.501343
11.381248
47.349803
5.386607
43.136471
14.305420
8.578934
31.052320
40.492311
49.440167
0 10 34.421015
0 9 36.313911
0 8 26.262458
0 4 37.265971
1 10 18.491171
1 9 28.228449
1 8 45.301000
1 5 35.164727
1 4 38.684812
1 3 17.671856
2 14 4.476597
2 12 43.212589
2 9 21.559806
2 7 16.131821
3 9 17.401381
3 6 29.578906
3 5 33.876355
4 13 3.802031
4 11 40.504257
4 10 16.622089
4 6 37.835792
5 8 1.176232
5 7 36.044397
6 9 47.720651
7 14 19.515273
7 12 6.560551
7 10 31.565705
8 12 25.818271
8 9 36.122200
9 13 33.264249
9 11 48.574224
10 11 5.345977
12 14 28.735973
13 14 42.589391
