19 44 1 1275 10 0
4.041108
43.426442
47.597423
31.540845
46.363117
1.619577
17.148649
15.855413
7.584262
46.285668
4.908664
21.125478
12.562942
30.545787
3.430116
26.332260
27.562280
23.855931
44.009943
0 14 7.867014
0 12 30.063662
0 6 8.425907
0 3 44.827446
0 2 25.473300
1 18 17.651875
1 17 17.620712
1 7 15.833374
1 6 7.441434
1 5 16.310206
2 18 25.037213
2 16 28.205510
2 13 25.158816
2 10 49.592806
3 18 36.313578
3 14 45.501019
3 13 18.752615
3 9 7.225538
3 6 28.060215
4 18 45.889913
4 10 15.632587
4 7 21.769466
5 18 24.620104
5 12 32.414856
5 10 5.055789
6 17 5.358384
6 15 11.320936
6 13 26.255693
6 10 42.315192
7 18 37.970828
7 9 49.297236
7 8 22.809361
8 17 9.036528
8 15 45.228373
9 18 32.087883
9 11 40.630258
10 16 4.660073
11 18 30.973769
13 16 0.002563
14 18 11.341714
14 16 12.113687
14 15 35.151355
15 18 0.263992
17 18 9.914375
