18 32 1 13390 288 0
14.065753
34.319187
2.975532
0.301723
31.183264
26.955378
41.407027
5.518309
21.055824
21.011860
42.711761
47.473966
42.747739
34.011584
5.495825
22.305040
34.345992
29.357169
0 7 26.274993
0 2 39.254368
1 17 35.284626
1 7 40.097880
2 16 0.914347
2 14 27.670141
2 10 21.889073
2 9 13.337124
3 16 42.037616
3 8 1.819984
4 9 0.038697
4 7 4.456503
5 17 20.349773
5 10 26.762042
5 9 19.509281
5 6 5.202767
6 13 7.882986
7 16 36.616853
7 15 4.698746
7 13 3.412992
7 12 7.233041
8 17 34.631030
9 16 22.819026
11 17 3.986719
11 16 42.488542
11 12 48.301285
12 13 28.682510
13 17 35.277697
13 16 49.962029
13 15 24.877881
15 17 23.147774
15 16 15.255585
