19 44 1 13220 565 0
37.557679
4.083047
33.311694
40.139802
31.406081
34.815298
33.854955
2.841959
13.056228
20.079937
36.528477
12.812152
12.675016
8.684345
36.570775
29.726135
19.631074
47.038109
21.231631
0 14 5.506668
0 12 46.086387
0 6 9.342215
0 3 21.531613
0 2 7.714998
1 18 31.548675
1 17 44.255230
1 7 40.869571
1 6 17.037804
1 5 18.249987
2 18 38.741096
2 16 6.408239
2 13 1.004941
2 10 38.124023
3 18 34.723658
3 14 1.962707
3 13 7.492705
3 9 24.435501
3 6 4.222616
4 18 32.240640
4 10 2.664666
4 7 19.495492
5 18 49.421038
5 12 31.314929
5 10 36.049931
6 17 36.338604
6 15 37.894840
6 13 26.344276
6 10 7.839427
7 18 19.630857
7 9 49.630432
7 8 32.793411
8 17 19.642658
8 15 23.958058
9 18 3.196026
9 11 35.802889
10 16 19.988014
11 18 2.780589
13 16 15.663443
14 18 35.867893
14 16 33.660433
14 15 26.504402
15 18 14.953339
17 18 10.455055
