17 35 1 12771 59 0
43.366475
20.145700
9.787649
18.191678
2.183368
24.456812
30.119687
12.255757
6.247738
3.174730
8.664418
3.407573
19.314507
32.116331
0.152427
33.604991
41.849383
0 13 20.709528
0 11 43.463196
0 6 35.384133
0 3 30.223566
0 2 46.199061
1 3 37.637705
1 2 26.509205
2 16 13.208323
2 12 33.494782
2 4 48.838272
3 15 11.519688
3 13 14.199332
3 11 19.758448
3 7 34.008925
3 4 17.759331
4 16 43.724163
4 12 26.367593
4 11 37.677724
5 13 48.125300
6 14 26.664165
6 11 0.006878
7 13 14.166209
7 10 38.009003
7 8 23.170987
8 13 8.774533
8 12 29.455378
8 10 33.103289
9 16 34.988640
9 13 11.261614
9 10 4.736517
10 13 36.611482
11 13 17.489805
12 16 35.648038
12 14 24.730802
15 16 23.068820
