15 34 1 13857 275 0
10.408977
7.640269
33.887851
4.366037
3.640048
44.059562
17.749696
0.568425
36.167708
47.551241
13.712358
30.027353
0.888054
6.916433
3.315743
0 10 3.288337
0 9 9.057914
0 8 43.607839
0 4 1.162908
1 10 11.153622
1 9 31.135494
1 8 3.773786
1 5 36.559511
1 4 17.257015
1 3 0.153594
2 14 47.839827
2 12 39.372748
2 9 30.380864
2 7 12.120610
3 9 37.812044
3 6 13.723959
3 5 3.722322
4 13 33.219163
4 11 40.228576
4 10 48.750381
4 6 42.641008
5 8 9.123260
5 7 36.733914
6 9 12.680537
7 14 39.882551
7 12 25.613981
7 10 7.047288
8 12 36.130630
8 9 1.910719
9 13 47.836368
9 11 17.288284
10 11 30.823143
12 14 34.342201
13 14 18.340767
