17 35 1 13166 42 0
34.091683
16.154918
41.660998
11.350616
25.495588
23.256274
46.286250
41.934118
3.138148
27.695255
30.297471
24.689247
4.547025
45.304505
43.207601
25.835159
10.434153
0 13 13.407895
0 11 12.483467
0 6 7.710033
0 3 24.102800
0 2 31.912393
1 3 15.410404
1 2 31.756048
2 16 42.988231
2 12 10.438632
2 4 23.406553
3 15 0.625097
3 13 36.833053
3 11 45.638142
3 7 32.867377
3 4 4.729902
4 16 1.376800
4 12 44.777670
4 11 26.218711
5 13 18.085943
6 14 12.706013
6 11 36.138003
7 13 8.894885
7 10 46.894051
7 8 15.805016
8 13 6.221963
8 12 41.027588
8 10 4.552241
9 16 35.167413
9 13 39.382942
9 10 41.133030
10 13 26.737325
11 13 12.250640
12 16 6.370096
12 14 24.002698
15 16 38.790861
