17 35 1 13150 58 0
44.627317
12.341315
3.135808
3.182873
37.525298
17.972553
4.985090
38.796667
14.826961
43.382629
48.969397
4.718860
5.298028
48.993598
23.478933
4.714685
44.515478
0 13 36.797051
0 11 22.443079
0 6 46.876142
0 3 46.251611
0 2 21.810438
1 3 38.534056
1 2 7.810090
2 16 40.118634
2 12 39.125308
2 4 7.676702
3 15 48.286597
3 13 21.924822
3 11 45.442766
3 7 46.967255
3 4 0.122615
4 16 38.951842
4 12 24.472725
4 11 39.692896
5 13 30.873379
6 14 45.691807
6 11 49.297438
7 13 48.175135
7 10 20.215362
7 8 27.258933
8 13 31.595276
8 12 16.438531
8 10 31.409004
9 16 21.551100
9 13 15.007034
9 10 21.288134
10 13 20.200294
11 13 2.049314
12 16 21.634898
12 14 16.021886
15 16 27.686717
