16 27 1 13309 895 0
1.677300
5.411273
3.537792
18.960262
4.158419
6.487765
10.313770
24.227699
14.815911
49.695884
39.484387
31.718255
43.305302
35.731373
13.055491
11.130037
0 6 18.267036
0 4 22.579140
0 2 11.471919
1 13 40.908098
1 11 6.160627
3 12 37.668907
3 10 10.573022
3 6 14.189925
3 5 1.423784
4 15 31.210584
4 12 24.215482
4 7 29.809902
4 6 41.220239
5 11 20.749648
5 10 5.025663
5 9 45.655578
6 14 45.413345
6 12 26.047519
6 11 31.755223
7 14 3.192326
8 15 26.186890
8 14 3.368695
8 12 36.873744
10 15 49.010235
10 13 35.286337
10 12 43.879731
11 12 21.745173
