18 32 1 13625 156 0
31.845075
7.484718
18.278247
1.209183
5.799505
4.912289
40.607788
32.258277
17.056129
12.028522
20.806528
27.432654
22.377212
40.588251
46.526483
1.025358
2.074436
1.130181
0 7 16.926601
0 2 15.200761
1 17 12.570774
1 7 48.041491
2 16 1.495874
2 14 12.624936
2 10 6.074242
2 9 45.578197
3 16 45.679195
3 8 29.264778
4 9 33.635979
4 7 48.315505
5 17 23.753561
5 10 45.030758
5 9 21.718075
5 6 21.410225
6 13 48.614625
7 16 19.850056
7 15 14.009914
7 13 28.368147
7 12 22.057268
8 17 3.599267
9 16 35.463095
11 17 2.483998
11 16 0.555165
11 12 17.429273
12 13 28.069683
13 17 38.633650
13 16 36.437495
13 15 22.103287
15 17 30.769601
15 16 46.800247
