15 34 1 14385 1094 0
9.631217
45.972839
34.390210
44.082544
11.321143
34.001407
39.883838
40.945008
1.204279
4.911951
1.828550
38.849775
21.366574
26.867975
8.407429
0 10 29.665289
0 9 27.287252
0 8 10.257650
0 4 27.796398
1 10 40.476565
1 9 3.600940
1 8 25.986610
1 5 33.075744
1 4 15.628964
1 3 4.388247
2 14 40.369726
2 12 49.595346
2 9 39.593933
2 7 33.143283
3 9 25.873870
3 6 36.851137
3 5 26.922798
4 13 40.998116
4 11 46.359032
4 10 19.563801
4 6 2.797918
5 8 14.306584
5 7 29.162488
6 9 48.782565
7 14 26.430910
7 12 4.502960
7 10 41.560466
8 12 48.115370
8 9 8.605603
9 13 9.598107
9 11 41.269911
10 11 40.018633
12 14 10.587634
13 14 5.373158
