15 34 1 13720 730 0
44.447327
24.028630
30.840120
20.983567
37.000725
49.803520
14.949080
34.163962
46.836603
24.659370
19.960850
45.692929
20.807156
39.422145
16.652541
0 10 25.110512
0 9 31.125665
0 8 19.268164
0 4 43.968020
1 10 14.455321
1 9 28.575434
1 8 5.158645
1 5 24.439256
1 4 22.076138
1 3 29.624262
2 14 35.468611
2 12 8.008786
2 9 26.264385
2 7 39.593424
3 9 3.475312
3 6 38.609855
3 5 18.668611
4 13 4.799939
4 11 45.458808
4 10 27.389688
4 6 45.031734
5 8 22.741685
5 7 33.593932
6 9 48.974520
7 14 45.648827
7 12 48.729776
7 10 8.026564
8 12 0.750012
8 9 39.406718
9 13 6.248263
9 11 19.359005
10 11 21.467854
12 14 14.593639
13 14 25.964391
