16 27 1 14225 292 0
25.821443
18.418112
43.021672
31.403870
18.889022
19.180418
41.246263
47.265274
7.985401
48.371547
18.742208
33.180566
33.684532
29.477028
43.065313
6.692116
0 6 0.591033
0 4 12.570125
0 2 40.081264
1 13 22.649222
1 11 11.713016
3 12 29.226439
3 10 25.939527
3 6 26.646209
3 5 25.490298
4 15 33.164840
4 12 38.848300
4 7 41.644593
4 6 22.782650
5 11 30.014266
5 10 39.863830
5 9 13.159298
6 14 23.743898
6 12 42.585977
6 11 2.892542
7 14 40.564908
8 15 47.793398
8 14 34.472419
8 12 26.863532
10 15 25.493895
10 13 30.786510
10 12 46.733150
11 12 33.069839
