17 35 1 13336 263 0
40.194493
45.691255
26.767455
34.030837
21.000336
27.410005
47.107412
46.525426
37.264035
38.419645
10.102319
1.180082
9.143769
44.867806
5.202543
45.620743
48.542537
0 13 24.060627
0 11 36.519020
0 6 48.370935
0 3 25.738457
0 2 13.199866
1 3 7.566008
1 2 23.983727
2 16 28.488480
2 12 3.047758
2 4 40.675317
3 15 9.626728
3 13 17.721798
3 11 47.303062
3 7 7.190141
3 4 24.104423
4 16 40.713405
4 12 20.176727
4 11 12.479935
5 13 17.595386
6 14 33.001955
6 11 32.671937
7 13 19.089238
7 10 16.848266
7 8 26.330645
8 13 10.097034
8 12 0.353788
8 10 4.206706
9 16 17.770135
9 13 36.977467
9 10 43.680636
10 13 27.771160
11 13 9.246940
12 16 11.626468
12 14 16.495549
15 16 9.945267
