17 35 1 13133 199 0
25.876025
38.011580
16.771507
36.740345
5.637541
18.787561
22.861284
43.348662
32.813974
11.019825
36.922539
30.950111
35.830686
13.983396
5.646207
15.689869
31.158187
0 13 36.908043
0 11 37.349811
0 6 24.844138
0 3 36.188825
0 2 33.342875
1 3 3.732898
1 2 49.597540
2 16 22.416036
2 12 7.299826
2 4 43.246660
3 15 32.017664
3 13 8.901361
3 11 23.517861
3 7 28.868175
3 4 45.497679
4 16 18.659444
4 12 2.658063
4 11 19.107778
5 13 3.381442
6 14 23.622940
6 11 21.348898
7 13 33.264328
7 10 17.884157
7 8 8.555557
8 13 14.836745
8 12 1.271369
8 10 38.397539
9 16 39.891898
9 13 0.024201
9 10 49.416657
10 13 13.318117
11 13 27.927601
12 16 24.085356
12 14 43.478380
15 16 2.331981
