17 35 1 12742 194 0
38.552123
0.743214
21.238456
32.129386
7.944639
37.410268
49.264272
40.282464
40.149506
19.358445
41.705351
15.849484
35.741298
44.187984
30.648754
12.601899
37.545909
0 13 12.795288
0 11 31.159858
0 6 12.874541
0 3 28.740408
0 2 20.935896
1 3 29.971247
1 2 37.155161
2 16 33.781146
2 12 26.482378
2 4 45.843014
3 15 15.174803
3 13 4.042152
3 11 27.830829
3 7 20.274547
3 4 0.540390
4 16 9.564722
4 12 28.090516
4 11 29.523492
5 13 42.076874
6 14 10.378773
6 11 11.508879
7 13 8.241793
7 10 45.593942
7 8 36.562415
8 13 7.933471
8 12 35.968967
8 10 18.530907
9 16 7.641523
9 13 9.902755
9 10 18.380549
10 13 10.792515
11 13 23.778824
12 16 18.669852
12 14 29.848088
15 16 11.566217
