15 34 1 14371 1370 0
34.133049
39.295340
8.359264
7.876854
16.984117
2.850947
32.199690
32.896206
11.469536
40.417584
0.848258
17.410010
5.650858
38.298404
36.731399
0 10 39.048824
0 9 17.268964
0 8 20.312294
0 4 21.906638
1 10 39.871832
1 9 26.055191
1 8 38.350563
1 5 24.980221
1 4 11.349966
1 3 17.591676
2 14 31.259677
2 12 1.426509
2 9 31.912159
2 7 15.004141
3 9 47.494951
3 6 36.053568
3 5 28.779592
4 13 13.869563
4 11 28.738501
4 10 31.179219
4 6 2.028221
5 8 40.368083
5 7 34.451327
6 9 49.611196
7 14 29.623865
7 12 15.028113
7 10 37.645496
8 12 25.039425
8 9 8.298716
9 13 18.879823
9 11 43.346110
10 11 42.337442
12 14 8.255922
13 14 21.217588
