17 35 1 14275 1572 0
1.786886
33.661145
9.744978
29.457032
27.486510
28.953821
26.689533
46.790844
27.245901
17.228287
17.303571
47.207194
14.898457
41.917232
4.072899
10.264951
35.237386
0 13 45.636415
0 11 31.736451
0 6 30.324484
0 3 29.549547
0 2 48.413714
1 3 31.583470
1 2 8.207245
2 16 20.800117
2 12 20.492958
2 4 19.354900
3 15 26.946681
3 13 26.692680
3 11 33.449315
3 7 9.073424
3 4 27.972772
4 16 10.603932
4 12 42.457491
4 11 19.239853
5 13 34.873440
6 14 7.016862
6 11 4.841193
7 13 2.300384
7 10 49.348311
7 8 4.916828
8 13 23.357649
8 12 19.288047
8 10 40.417473
9 16 44.479298
9 13 19.880600
9 10 49.233334
10 13 22.891098
11 13 21.462560
12 16 2.177649
12 14 38.130564
15 16 39.491812
