18 32 1 14342 1062 0
34.527982
9.748030
42.785296
43.041519
0.776402
10.829823
17.663960
14.995027
26.879589
18.320163
9.806550
46.607405
7.112637
33.316026
13.816651
33.194979
23.120323
17.458130
0 7 16.059030
0 2 30.230405
1 17 36.714305
1 7 16.393265
2 16 9.283193
2 14 43.460646
2 10 11.121199
2 9 25.001052
3 16 21.030147
3 8 14.736318
4 9 40.772481
4 7 7.014269
5 17 38.223312
5 10 33.895058
5 9 47.321885
5 6 19.498094
6 13 18.164692
7 16 11.216175
7 15 7.656602
7 13 6.303887
7 12 6.308857
8 17 32.192817
9 16 27.753160
11 17 21.336551
11 16 32.971323
11 12 37.477414
12 13 27.688777
13 17 24.322836
13 16 8.618589
13 15 17.952052
15 17 15.233275
15 16 19.321389
