19 44 1 12516 72 0
41.546301
9.979249
37.368551
21.926332
35.475673
17.995457
5.760072
6.271445
0.792232
47.450978
37.910478
14.667866
4.623995
29.008502
34.570455
8.072966
1.764906
10.867062
3.017055
0 14 11.957314
0 12 3.292284
0 6 49.884680
0 3 42.418098
0 2 4.995476
1 18 41.110440
1 17 31.527028
1 7 8.127379
1 6 36.565362
1 5 9.213433
2 18 26.915068
2 16 30.747284
2 13 11.288406
2 10 26.153388
3 18 11.520693
3 14 22.378427
3 13 7.542443
3 9 11.348473
3 6 48.522814
4 18 5.243760
4 10 43.747299
4 7 24.277118
5 18 47.443889
5 12 28.727687
5 10 8.527333
6 17 26.846058
6 15 44.605530
6 13 27.025333
6 10 17.349129
7 18 25.255308
7 9 40.199171
7 8 2.347828
8 17 23.304445
8 15 5.168738
9 18 17.462873
9 11 25.345550
10 16 6.766698
11 18 36.484498
13 16 32.027164
14 18 38.219839
14 16 3.153305
14 15 25.996897
15 18 22.659239
17 18 3.652771
