16 27 1 13780 862 0
22.920995
0.159016
34.240764
38.056532
6.007717
18.316702
29.156460
21.908864
27.428393
23.610467
7.776587
6.607571
27.383675
36.352570
6.044615
24.070017
0 6 4.817754
0 4 19.339562
0 2 41.214642
1 13 29.479645
1 11 8.556155
3 12 26.079981
3 10 13.356877
3 6 25.081102
3 5 35.142951
4 15 24.334404
4 12 27.638567
4 7 13.059532
4 6 27.101331
5 11 11.674532
5 10 7.188689
5 9 28.555023
6 14 42.433192
6 12 20.827409
6 11 9.816672
7 14 47.220804
8 15 17.850858
8 14 17.021310
8 12 8.284720
10 15 17.485608
10 13 1.424277
10 12 34.578340
11 12 45.310875
