16 27 1 13075 683 0
21.247147
27.071187
6.925535
39.970391
26.780985
35.777595
22.099363
34.614715
27.624225
42.450237
18.396005
6.626955
30.005780
7.502643
48.902898
11.966439
0 6 11.783003
0 4 31.160576
0 2 22.117561
1 13 31.803073
1 11 23.305069
3 12 35.452442
3 10 0.792822
3 6 13.159625
3 5 25.256618
4 15 12.010360
4 12 5.862755
4 7 36.652318
4 6 26.559960
5 11 40.113935
5 10 12.550966
5 9 18.532178
6 14 3.830752
6 12 4.532483
6 11 30.376703
7 14 27.226447
8 15 29.183263
8 14 4.466336
8 12 10.864320
10 15 2.016054
10 13 37.711122
10 12 38.158542
11 12 48.136136
