18 32 1 16112 1884 0
39.059602
27.957698
33.641353
45.762713
14.016137
13.796350
43.320280
21.803142
19.135021
48.765051
5.863112
2.246998
42.945262
1.163279
39.430233
8.398777
33.553705
44.621167
0 7 20.583085
0 2 35.745007
1 17 19.484077
1 7 9.521979
2 16 49.231539
2 14 48.641912
2 10 22.700081
2 9 28.343415
3 16 33.464226
3 8 20.137784
4 9 14.162694
4 7 25.549557
5 17 41.519803
5 10 21.189085
5 9 26.893596
5 6 25.571203
6 13 33.757692
7 16 44.524469
7 15 40.234583
7 13 34.201661
7 12 36.613637
8 17 39.851839
9 16 20.545086
11 17 15.655152
11 16 10.554806
11 12 30.793818
12 13 25.065741
13 17 44.743307
13 16 24.838195
13 15 47.535581
15 17 20.675182
15 16 49.208472
