18 32 1 14920 156 0
5.540487
45.015959
21.900206
49.834853
12.595580
42.257325
37.803190
29.690709
36.895769
2.633061
9.134597
32.355082
46.925419
12.297372
16.539321
30.910256
36.725663
1.843014
0 7 33.248174
0 2 47.739882
1 17 1.065875
1 7 40.489665
2 16 32.681137
2 14 29.661403
2 10 27.058256
2 9 14.234160
3 16 35.036743
3 8 41.215788
4 9 6.520449
4 7 25.472995
5 17 10.466639
5 10 27.952418
5 9 3.308669
5 6 28.848974
6 13 2.018648
7 16 37.941148
7 15 30.371803
7 13 32.085281
7 12 23.314876
8 17 32.271141
9 16 46.948574
11 17 49.331595
11 16 23.335041
11 12 4.825250
12 13 18.658939
13 17 45.510537
13 16 2.696659
13 15 6.131538
15 17 38.141037
15 16 42.562172
