19 44 1 15670 83 0
5.986604
18.663992
38.257860
48.326542
39.653282
40.281287
5.155212
26.615181
6.758968
33.566708
43.999610
38.127228
36.640429
34.898558
22.546464
18.217535
42.116437
44.370000
3.187363
0 14 20.645004
0 12 14.654505
0 6 19.548944
0 3 11.766711
0 2 12.384225
1 18 6.989322
1 17 29.607480
1 7 14.661126
1 6 15.306597
1 5 33.089233
2 18 11.701382
2 16 35.921388
2 13 3.296370
2 10 22.375074
3 18 12.936383
3 14 24.701269
3 13 8.008318
3 9 20.259856
3 6 3.273981
4 18 42.234808
4 10 5.647443
4 7 42.061473
5 18 24.877445
5 12 13.188945
5 10 11.665012
6 17 32.105820
6 15 12.934120
6 13 23.195004
6 10 38.847153
7 18 37.744396
7 9 12.315152
7 8 35.364923
8 17 1.801439
8 15 47.880732
9 18 37.651346
9 11 20.733626
10 16 39.339671
11 18 28.553713
13 16 19.517698
14 18 4.401158
14 16 38.020836
14 15 4.549104
15 18 4.534185
17 18 17.185447
