18 32 1 14540 328 0
25.065587
26.649507
12.680948
27.612060
11.668343
41.404400
29.114369
17.180094
42.347396
25.960315
33.787644
32.950106
46.262614
0.655239
44.775037
0.184717
0.503008
18.885936
0 7 29.638164
0 2 45.255670
1 17 12.264407
1 7 3.547653
2 16 13.177171
2 14 32.020010
2 10 41.750682
2 9 15.767934
3 16 34.697656
3 8 45.836029
4 9 44.616371
4 7 39.772341
5 17 21.133531
5 10 29.059254
5 9 36.219672
5 6 34.794504
6 13 7.714417
7 16 16.121822
7 15 20.841909
7 13 33.680411
7 12 4.688216
8 17 23.137506
9 16 22.786017
11 17 0.870527
11 16 16.341717
11 12 21.295699
12 13 34.889982
13 17 39.362103
13 16 47.102994
13 15 21.932081
15 17 47.983619
15 16 49.180502
