16 27 1 15640 316 0
1.433497
1.117982
48.018646
5.388759
39.799835
48.280791
27.761530
49.604013
35.542686
34.511474
15.509950
41.404553
48.650292
6.880677
36.540199
8.226111
0 6 12.812310
0 4 45.125085
0 2 6.652394
1 13 42.926586
1 11 38.176802
3 12 37.691524
3 10 39.373600
3 6 39.228239
3 5 15.372611
4 15 46.195856
4 12 35.527676
4 7 4.776459
4 6 8.468860
5 11 12.474915
5 10 27.167085
5 9 15.345263
6 14 44.153211
6 12 11.911857
6 11 15.762137
7 14 23.494095
8 15 37.390131
8 14 16.639263
8 12 25.440248
10 15 17.570827
10 13 43.114388
10 12 45.985305
11 12 37.724069
