16 27 1 1562 56 0
17.697772
41.986912
29.467527
22.527012
17.011989
18.590706
35.964537
36.490228
18.469015
29.146361
49.746451
42.748282
23.711914
6.783298
26.524139
8.015559
0 6 2.981252
0 4 18.189529
0 2 35.094395
1 13 18.542780
1 11 8.409153
3 12 16.670770
3 10 28.845001
3 6 43.874774
3 5 3.302142
4 15 19.069786
4 12 41.933007
4 7 6.804358
4 6 34.180685
5 11 3.150303
5 10 13.334107
5 9 15.908158
6 14 1.060421
6 12 29.308109
6 11 26.488275
7 14 15.914930
8 15 38.139274
8 14 13.215019
8 12 43.900930
10 15 13.527049
10 13 30.432094
10 12 17.517203
11 12 37.631159
