15 34 1 15690 1011 0
42.558520
41.366273
5.076776
31.921383
13.515178
41.232075
29.765747
11.086002
15.801375
40.640714
35.033701
33.318861
42.290393
2.543721
37.165871
0 10 8.028969
0 9 22.507276
0 8 0.415766
0 4 44.613631
1 10 15.417239
1 9 43.541711
1 8 9.332154
1 5 39.564741
1 4 16.594678
1 3 35.237431
2 14 44.446193
2 12 28.281808
2 9 42.270881
2 7 40.565896
3 9 11.212915
3 6 12.755613
3 5 11.655524
4 13 42.727663
4 11 5.135764
4 10 29.401535
4 6 12.587357
5 8 3.499293
5 7 46.979404
6 9 2.080166
7 14 23.995049
7 12 12.090143
7 10 13.787102
8 12 23.973437
8 9 9.294473
9 13 31.647725
9 11 7.648950
10 11 39.749271
12 14 29.666227
13 14 31.375763
