19 44 1 15720 243 0
6.405261
44.274029
25.913368
43.722857
6.364172
44.354609
7.509959
46.736123
18.328046
13.567942
6.030596
32.867379
45.215666
26.537983
40.516328
39.619004
16.287254
9.820802
19.285231
0 14 48.764188
0 12 4.087222
0 6 1.973863
0 3 0.988000
0 2 18.296499
1 18 16.394355
1 17 11.718356
1 7 46.128186
1 6 17.032556
1 5 12.951172
2 18 8.810842
2 16 19.799276
2 13 21.734780
2 10 32.194549
3 18 12.624513
3 14 30.639015
3 13 33.211916
3 9 29.971117
3 6 44.168451
4 18 20.880186
4 10 36.272212
4 7 32.679769
5 18 47.942925
5 12 3.431781
5 10 19.290751
6 17 28.744161
6 15 42.902066
6 13 19.779813
6 10 44.880696
7 18 25.990630
7 9 43.989714
7 8 18.893911
8 17 41.355882
8 15 12.387409
9 18 29.824144
9 11 47.989283
10 16 20.542136
11 18 14.086923
13 16 9.477007
14 18 33.460543
14 16 33.901657
14 15 6.869351
15 18 10.748141
17 18 41.440569
