16 27 1 15680 50 0
17.375508
30.529796
5.952807
19.176947
36.154575
3.833539
24.252367
23.805921
43.949079
44.985994
17.104711
33.288750
7.781092
45.658424
47.505866
27.298790
0 6 37.401082
0 4 8.481500
0 2 38.414001
1 13 26.376875
1 11 40.774712
3 12 36.329523
3 10 48.492165
3 6 49.718234
3 5 12.024192
4 15 35.044620
4 12 9.504580
4 7 21.984688
4 6 4.282981
5 11 36.742409
5 10 34.747823
5 9 39.362863
6 14 36.155299
6 12 47.570824
6 11 10.874967
7 14 17.517486
8 15 17.510021
8 14 15.738576
8 12 35.341406
10 15 31.869859
10 13 21.127852
10 12 45.544364
11 12 26.211466
