15 34 1 15740 668 0
24.060845
32.027959
49.814870
15.416727
30.892987
12.202279
0.941060
10.717131
45.469874
48.930344
26.813487
16.012011
29.599396
40.900410
34.497072
0 10 39.076403
0 9 17.957615
0 8 42.320771
0 4 24.713511
1 10 40.910461
1 9 10.565063
1 8 29.986202
1 5 9.673346
1 4 2.057107
1 3 2.414312
2 14 22.594291
2 12 18.414895
2 9 10.086466
2 7 10.124909
3 9 46.944634
3 6 10.595548
3 5 9.444434
4 13 3.865198
4 11 8.715482
4 10 20.889698
4 6 29.941385
5 8 46.165241
5 7 9.451023
6 9 12.527029
7 14 47.539892
7 12 28.981965
7 10 29.557933
8 12 3.445606
8 9 14.742099
9 13 15.742874
9 11 14.595834
10 11 47.707770
12 14 4.891586
13 14 25.805472
