16 27 1 15580 11 0
29.747979
23.439683
22.669483
31.295880
29.715323
20.453356
6.870110
38.055319
45.255294
47.948159
8.336843
48.932606
14.315922
28.221600
45.477913
22.232165
0 6 29.289288
0 4 4.735925
0 2 26.398525
1 13 40.422903
1 11 2.962592
3 12 49.261061
3 10 9.952426
3 6 49.604213
3 5 21.589557
4 15 20.996285
4 12 42.727053
4 7 39.360199
4 6 25.814554
5 11 36.914953
5 10 25.918641
5 9 12.362641
6 14 29.863446
6 12 36.958041
6 11 22.643532
7 14 41.843180
8 15 20.827614
8 14 7.602574
8 12 39.254115
10 15 20.480445
10 13 29.480483
10 12 12.148552
11 12 19.343125
