19 44 1 16050 595 0
7.401680
42.070678
5.155633
43.970031
12.134319
45.246005
30.723174
26.163322
9.379851
26.645345
30.359628
17.793386
26.679714
48.145788
4.586622
47.790991
25.432228
4.972427
35.699901
0 14 38.727256
0 12 44.756175
0 6 43.904218
0 3 35.158040
0 2 13.779998
1 18 43.546389
1 17 20.769363
1 7 30.936617
1 6 47.751386
1 5 45.462568
2 18 35.562473
2 16 4.274336
2 13 48.787627
2 10 7.942481
3 18 27.852352
3 14 32.278519
3 13 36.565548
3 9 8.855036
3 6 5.631446
4 18 8.826277
4 10 7.380758
4 7 45.192429
5 18 37.989732
5 12 42.889515
5 10 2.311668
6 17 9.655826
6 15 10.459996
6 13 41.229999
6 10 16.350287
7 18 5.826241
7 9 12.087389
7 8 10.782247
8 17 15.139454
8 15 29.122702
9 18 13.650358
9 11 40.182345
10 16 40.321645
11 18 49.181236
13 16 11.503820
14 18 14.052496
14 16 30.422834
14 15 1.689628
15 18 37.638484
17 18 0.130452
