15 34 1 15620 333 0
34.278619
41.273084
7.818189
28.949967
48.739382
20.817208
44.448928
47.309922
41.418800
40.727929
35.134576
19.227179
7.487375
33.802902
26.516041
0 10 15.723551
0 9 6.012439
0 8 6.945408
0 4 16.039835
1 10 32.489835
1 9 5.132683
1 8 29.740906
1 5 24.428618
1 4 6.399518
1 3 7.984391
2 14 14.441083
2 12 29.798413
2 9 20.220399
2 7 46.885581
3 9 28.013717
3 6 15.963620
3 5 25.308263
4 13 37.040122
4 11 17.674778
4 10 0.730500
4 6 27.144929
5 8 48.943266
5 7 27.984081
6 9 7.052036
7 14 39.073585
7 12 19.733084
7 10 43.838025
8 12 15.265673
8 9 20.057839
9 13 3.506002
9 11 42.839736
10 11 41.808824
12 14 41.445681
13 14 0.401670
