15 34 1 15833 1545 0
48.434134
27.194373
40.783309
24.290598
10.799723
7.645465
13.374501
6.752104
38.856231
11.475422
19.815515
42.005825
10.403105
25.585291
30.648368
0 10 15.659556
0 9 35.935360
0 8 1.303155
0 4 7.960737
1 10 24.583893
1 9 9.749363
1 8 11.228523
1 5 30.813773
1 4 8.981331
1 3 41.544676
2 14 18.807868
2 12 46.646429
2 9 38.046373
2 7 45.375487
3 9 18.524956
3 6 10.700566
3 5 13.098329
4 13 7.068288
4 11 3.448222
4 10 35.540636
4 6 9.430668
5 8 6.575206
5 7 5.837196
6 9 21.420558
7 14 45.397125
7 12 48.090455
7 10 12.155375
8 12 39.764965
8 9 2.858735
9 13 30.253945
9 11 6.101231
10 11 5.568202
12 14 37.590436
13 14 33.601044
