15 34 1 15866 585 0
24.489447
0.635355
1.636264
23.542037
43.514280
11.922825
35.629585
15.569136
7.296788
6.149215
29.765155
35.848609
49.305920
48.257713
42.315170
0 10 4.864666
0 9 29.555206
0 8 28.991635
0 4 14.710866
1 10 16.074981
1 9 9.188453
1 8 30.331682
1 5 49.071212
1 4 34.760737
1 3 43.586524
2 14 43.220847
2 12 43.932360
2 9 12.806137
2 7 38.555138
3 9 49.387495
3 6 40.969916
3 5 8.061410
4 13 12.218065
4 11 39.477532
4 10 49.494499
4 6 21.228042
5 8 39.111924
5 7 18.954242
6 9 43.509984
7 14 37.889702
7 12 12.017754
7 10 42.605857
8 12 39.900532
8 9 6.031688
9 13 4.066740
9 11 15.268522
10 11 9.671343
12 14 15.561778
13 14 10.382976
