18 32 1 15328 150 0
12.506895
15.751566
8.778811
10.964287
6.948869
0.731674
20.500008
12.410835
23.559188
43.049044
2.081640
26.633181
3.393587
37.071785
0.738434
13.856737
20.398096
40.204690
0 7 45.499519
0 2 4.998058
1 17 17.993315
1 7 1.824598
2 16 4.241264
2 14 12.961934
2 10 43.846271
2 9 6.990583
3 16 36.433116
3 8 3.356755
4 9 26.350288
4 7 49.982169
5 17 3.549124
5 10 15.503713
5 9 17.232492
5 6 44.492248
6 13 15.978722
7 16 5.746553
7 15 43.799788
7 13 47.101269
7 12 21.350231
8 17 39.280070
9 16 35.532032
11 17 17.821583
11 16 10.210105
11 12 28.898273
12 13 48.094281
13 17 14.992320
13 16 32.256197
13 15 5.930964
15 17 16.397842
15 16 12.220700
