19 44 1 14671 258 0
0.918849
34.769746
36.269479
32.042285
15.828168
19.249213
32.152486
1.107668
24.803344
5.897403
11.913964
4.605015
34.947018
20.947340
37.505723
37.975653
21.068181
19.863248
6.543896
0 14 31.770141
0 12 39.813723
0 6 7.739256
0 3 24.667215
0 2 26.402717
1 18 11.710582
1 17 28.945509
1 7 42.787505
1 6 12.308496
1 5 43.140280
2 18 36.840061
2 16 25.330129
2 13 33.984701
2 10 28.950800
3 18 17.345651
3 14 28.504251
3 13 5.454041
3 9 49.712178
3 6 0.114515
4 18 45.069670
4 10 2.406054
4 7 33.035257
5 18 3.260580
5 12 42.339357
5 10 37.859479
6 17 28.985240
6 15 34.517321
6 13 16.144617
6 10 0.592838
7 18 40.462377
7 9 43.909465
7 8 17.054279
8 17 37.284601
8 15 12.556803
9 18 41.145851
9 11 13.916348
10 16 14.406725
11 18 24.903467
13 16 22.774367
14 18 33.236381
14 16 2.722462
14 15 35.333387
15 18 16.536989
17 18 5.741806
