16 27 1 14560 24 0
27.479748
39.281336
7.231420
2.537440
4.056591
43.330332
0.381149
7.737287
30.299772
5.708532
27.759699
13.975768
32.331614
8.740201
32.541745
20.022735
0 6 29.082805
0 4 4.816851
0 2 3.652807
1 13 4.594348
1 11 40.230916
3 12 46.925882
3 10 15.162442
3 6 40.401929
3 5 33.850805
4 15 45.179630
4 12 40.963682
4 7 45.644682
4 6 1.269310
5 11 35.239221
5 10 32.144582
5 9 3.623659
6 14 24.912201
6 12 29.074154
6 11 31.374143
7 14 35.465972
8 15 30.708467
8 14 44.435582
8 12 26.961323
10 15 38.513099
10 13 32.470861
10 12 48.719523
11 12 29.253508
