19 44 1 15422 74 0
32.461879
33.800193
27.133660
0.300779
5.331890
14.559701
12.537185
4.030283
45.218889
39.186228
31.352283
28.974459
22.557237
32.268483
27.157226
48.867504
7.751542
17.970680
8.645020
0 14 16.332457
0 12 28.176381
0 6 28.787644
0 3 17.386613
0 2 25.085103
1 18 12.882860
1 17 49.442794
1 7 10.538133
1 6 2.014944
1 5 12.280758
2 18 20.316723
2 16 37.397509
2 13 24.024223
2 10 26.448407
3 18 27.417535
3 14 31.536748
3 13 7.137899
3 9 38.970775
3 6 31.201666
4 18 5.729238
4 10 23.338303
4 7 39.691241
5 18 15.295152
5 12 22.524671
5 10 25.327207
6 17 23.355323
6 15 36.272415
6 13 44.935111
6 10 30.418825
7 18 33.188366
7 9 15.802606
7 8 1.586352
8 17 24.438242
8 15 8.866048
9 18 46.914515
9 11 11.926677
10 16 33.207386
11 18 43.033916
13 16 1.847292
14 18 15.812634
14 16 0.364016
14 15 22.818429
15 18 49.920789
17 18 46.933069
