15 34 1 14860 137 0
39.949645
5.735906
31.929115
40.264394
7.923995
40.485270
26.118405
28.475185
38.215653
37.639628
13.125963
10.801568
21.197961
22.588715
0.353919
0 10 24.628232
0 9 38.941360
0 8 23.076596
0 4 43.241638
1 10 29.022157
1 9 43.981451
1 8 33.622548
1 5 19.229425
1 4 32.154077
1 3 28.928118
2 14 32.889326
2 12 48.536875
2 9 7.629041
2 7 24.490474
3 9 7.374465
3 6 18.784528
3 5 40.079306
4 13 14.175378
4 11 39.148790
4 10 22.074822
4 6 23.637895
5 8 49.455462
5 7 8.260705
6 9 4.259446
7 14 43.650219
7 12 12.833252
7 10 2.600952
8 12 37.904056
8 9 47.546631
9 13 28.660602
9 11 9.473718
10 11 36.923792
12 14 5.171018
13 14 12.708927
