19 44 1 14590 849 0
23.240906
4.774552
2.119674
3.935041
37.261375
15.989803
34.816104
29.277191
4.486696
30.229705
32.743922
17.520749
49.219448
30.106308
22.770945
30.766156
17.932830
37.829436
11.568834
0 14 10.539371
0 12 0.956872
0 6 2.516837
0 3 29.669738
0 2 34.249518
1 18 23.072100
1 17 4.733276
1 7 43.699309
1 6 15.108027
1 5 43.484421
2 18 14.175808
2 16 27.129141
2 13 22.933573
2 10 4.467503
3 18 25.168279
3 14 15.268563
3 13 33.725866
3 9 34.137375
3 6 25.680486
4 18 0.166495
4 10 45.299482
4 7 1.509638
5 18 1.085246
5 12 8.701074
5 10 4.898059
6 17 10.578492
6 15 25.899620
6 13 0.770424
6 10 44.943081
7 18 2.532922
7 9 47.534866
7 8 5.819010
8 17 34.026920
8 15 17.503434
9 18 3.763498
9 11 19.637409
10 16 40.908523
11 18 49.095738
13 16 16.355995
14 18 8.187043
14 16 9.982307
14 15 40.327921
15 18 6.473167
17 18 34.715121
