18 32 1 15630 841 0
6.995351
8.228338
15.959665
34.979432
31.600222
23.011701
19.363032
20.673806
38.048127
39.096116
24.188474
31.886152
38.627613
39.454147
45.944576
8.685452
1.605400
49.450579
0 7 6.757007
0 2 18.920201
1 17 12.593136
1 7 27.414776
2 16 19.486340
2 14 14.126975
2 10 18.417508
2 9 36.999751
3 16 6.101759
3 8 7.388874
4 9 39.273778
4 7 14.560906
5 17 27.323154
5 10 2.916399
5 9 11.873971
5 6 22.718309
6 13 48.966936
7 16 17.196809
7 15 2.004392
7 13 24.554877
7 12 3.955263
8 17 0.262144
9 16 9.804178
11 17 6.749944
11 16 5.861867
11 12 41.370727
12 13 9.575820
13 17 8.597898
13 16 9.120152
13 15 10.166704
15 17 16.036097
15 16 39.625102
