17 35 1 15271 1028 0
21.647349
12.398054
12.435943
15.721551
14.823587
24.694538
9.147543
38.680493
4.882835
44.937579
23.479432
48.966829
1.505400
8.767960
17.056836
45.985827
42.927186
0 13 18.486350
0 11 2.457484
0 6 32.353191
0 3 43.696649
0 2 11.497057
1 3 4.358895
1 2 18.597817
2 16 5.745417
2 12 0.606314
2 4 45.819458
3 15 30.614511
3 13 30.183687
3 11 7.979383
3 7 27.057490
3 4 46.207352
4 16 9.674529
4 12 0.740001
4 11 21.197014
5 13 12.091406
6 14 48.869221
6 11 27.098599
7 13 7.686531
7 10 41.398486
7 8 26.692287
8 13 34.898916
8 12 17.305652
8 10 7.011696
9 16 41.065517
9 13 26.639855
9 10 31.738422
10 13 41.166324
11 13 37.540909
12 16 3.544963
12 14 24.999516
15 16 23.631585
