15 34 1 15085 1 0
49.257543
39.072752
30.152513
2.561373
27.389961
49.121015
35.017536
3.120979
13.833364
20.154433
40.353845
47.869411
14.800718
9.657384
24.162592
0 10 11.406520
0 9 32.476363
0 8 34.319009
0 4 20.462888
1 10 22.911299
1 9 3.403392
1 8 25.276932
1 5 39.753158
1 4 26.377664
1 3 3.126218
2 14 6.215872
2 12 13.956573
2 9 16.080598
2 7 49.690696
3 9 48.911724
3 6 38.112600
3 5 49.318130
4 13 20.968545
4 11 23.404177
4 10 29.011882
4 6 7.880615
5 8 36.261834
5 7 9.535395
6 9 6.131253
7 14 4.840903
7 12 14.852096
7 10 11.504705
8 12 20.393626
8 9 12.919676
9 13 41.535311
9 11 29.432401
10 11 22.149644
12 14 0.236873
13 14 12.387670
