15 34 1 15650 432 0
3.312081
48.215258
11.202456
18.657344
38.194653
5.355666
29.127693
0.106510
6.161271
44.889830
4.944953
29.655366
48.828769
42.335085
40.840985
0 10 15.468032
0 9 16.281233
0 8 36.669643
0 4 14.449923
1 10 3.079398
1 9 38.160396
1 8 42.804414
1 5 24.889335
1 4 37.665406
1 3 16.194211
2 14 11.299246
2 12 35.450444
2 9 27.711148
2 7 16.350709
3 9 29.169042
3 6 48.207499
3 5 27.784610
4 13 15.972608
4 11 21.582826
4 10 14.890580
4 6 23.514518
5 8 28.503386
5 7 37.404301
6 9 21.310687
7 14 26.497314
7 12 31.392458
7 10 9.054776
8 12 49.202315
8 9 47.183174
9 13 44.132438
9 11 24.238818
10 11 20.989290
12 14 6.828671
13 14 16.477681
