19 44 1 15357 501 0
0.721805
34.686941
0.803745
26.260208
48.136811
42.558103
23.148842
21.649884
23.592532
35.233977
30.694989
0.897613
15.140695
11.705243
38.412800
16.225750
21.613769
12.488379
15.405087
0 14 10.402737
0 12 16.227829
0 6 21.120213
0 3 1.981755
0 2 30.158454
1 18 25.420328
1 17 35.458113
1 7 38.052636
1 6 8.244079
1 5 34.867162
2 18 4.203271
2 16 10.588952
2 13 35.241834
2 10 43.513684
3 18 43.907964
3 14 16.872672
3 13 7.558342
3 9 35.758602
3 6 6.082036
4 18 35.760543
4 10 22.476664
4 7 23.489381
5 18 21.288139
5 12 19.653097
5 10 42.152756
6 17 9.426181
6 15 24.621399
6 13 1.456911
6 10 42.309328
7 18 11.330817
7 9 0.972657
7 8 40.527992
8 17 11.303990
8 15 37.209553
9 18 14.026951
9 11 3.626516
10 16 34.150966
11 18 44.438392
13 16 38.657913
14 18 34.971324
14 16 18.611749
14 15 27.166696
15 18 14.412638
17 18 3.096381
