17 35 1 14580 375 0
46.014541
8.440206
38.975686
6.826668
40.911067
22.668414
5.546191
14.345609
1.921922
49.910396
9.043605
32.444740
17.678983
38.980822
46.568482
17.592151
36.699005
0 13 14.315882
0 11 9.329389
0 6 18.947417
0 3 48.065847
0 2 47.186146
1 3 47.422306
1 2 0.835655
2 16 12.253905
2 12 36.860578
2 4 0.186928
3 15 24.626764
3 13 11.450915
3 11 23.576143
3 7 42.216143
3 4 40.464136
4 16 49.255970
4 12 38.541001
4 11 45.283812
5 13 19.110141
6 14 0.319046
6 11 20.582619
7 13 32.535651
7 10 45.626245
7 8 30.694135
8 13 13.870129
8 12 42.015816
8 10 45.413600
9 16 13.034053
9 13 47.362386
9 10 31.546708
10 13 15.058490
11 13 42.606541
12 16 39.388038
12 14 11.087910
15 16 31.240013
