16 27 1 16581 999 0
19.354833
46.103399
13.074509
25.324280
44.160706
19.683780
28.469319
21.661266
11.933276
17.369614
32.457363
41.805322
37.369736
31.762525
37.550394
44.474011
0 6 15.233919
0 4 3.368884
0 2 35.274851
1 13 0.834426
1 11 23.236163
3 12 0.133714
3 10 7.052813
3 6 24.723098
3 5 3.011027
4 15 1.731926
4 12 7.481387
4 7 18.833000
4 6 47.570860
5 11 11.219986
5 10 33.052888
5 9 29.414607
6 14 21.725198
6 12 17.975770
6 11 45.393311
7 14 9.200946
8 15 48.924176
8 14 11.455040
8 12 16.242287
10 15 32.384636
10 13 23.975745
10 12 16.425048
11 12 14.317808
