19 44 1 17975 863 0
17.249650
9.873700
39.147867
8.707032
47.954596
40.076123
45.485412
14.446319
33.826319
37.900204
26.707050
35.416408
40.240246
33.103037
9.699266
8.403722
14.869285
6.580476
39.960539
0 14 35.110296
0 12 44.536603
0 6 24.031022
0 3 45.694982
0 2 22.044126
1 18 16.017675
1 17 41.005010
1 7 33.800285
1 6 23.845970
1 5 45.197454
2 18 7.702727
2 16 14.999339
2 13 23.337903
2 10 2.818400
3 18 12.971661
3 14 21.702164
3 13 47.420528
3 9 42.330173
3 6 39.612271
4 18 28.578486
4 10 11.780515
4 7 6.308814
5 18 20.487535
5 12 2.497566
5 10 13.985507
6 17 32.625795
6 15 30.792678
6 13 14.807368
6 10 45.727511
7 18 35.872206
7 9 27.024643
7 8 6.781128
8 17 23.813137
8 15 45.896721
9 18 37.136456
9 11 25.081804
10 16 19.071368
11 18 1.702495
13 16 21.499717
14 18 33.892408
14 16 1.895081
14 15 7.173457
15 18 14.143338
17 18 36.818340
