15 34 1 16187 354 0
23.725517
26.463608
27.769611
37.511109
44.186930
2.444506
16.157119
42.953205
0.505719
13.476222
10.074129
3.391038
47.695118
26.368838
20.409557
0 10 4.979470
0 9 29.738677
0 8 11.351270
0 4 28.429612
1 10 15.285452
1 9 0.162263
1 8 34.047303
1 5 3.743557
1 4 32.448443
1 3 35.324487
2 14 24.394095
2 12 36.116670
2 9 38.274712
2 7 27.421429
3 9 47.288009
3 6 12.075307
3 5 46.675850
4 13 5.219507
4 11 37.942541
4 10 20.663818
4 6 36.094738
5 8 32.350947
5 7 29.549007
6 9 27.696917
7 14 16.301670
7 12 31.957001
7 10 0.790397
8 12 8.043065
8 9 17.666562
9 13 30.730859
9 11 39.254762
10 11 17.222051
12 14 34.620150
13 14 43.957733
