19 44 1 16590 156 0
46.829263
19.601299
10.862162
26.243871
17.888106
32.587360
9.027362
35.863876
39.587409
4.420673
4.674072
48.788355
23.050146
3.598248
8.123014
34.505186
9.575237
24.365301
20.683323
0 14 41.959873
0 12 44.659068
0 6 10.043663
0 3 40.394243
0 2 26.987997
1 18 31.850121
1 17 49.112174
1 7 49.941940
1 6 19.339525
1 5 34.383406
2 18 22.116709
2 16 9.877473
2 13 11.854225
2 10 29.028077
3 18 23.050958
3 14 17.042734
3 13 47.011995
3 9 41.087266
3 6 37.818003
4 18 2.357369
4 10 33.764419
4 7 3.885778
5 18 35.658908
5 12 8.232637
5 10 36.357017
6 17 10.201834
6 15 31.420122
6 13 29.378789
6 10 33.555028
7 18 39.633758
7 9 11.800246
7 8 21.616818
8 17 18.378293
8 15 15.867898
9 18 44.185593
9 11 21.002295
10 16 2.432756
11 18 10.826604
13 16 28.715790
14 18 43.090098
14 16 11.675285
14 15 23.546534
15 18 23.371239
17 18 36.369754
