19 44 1 16162 126 0
44.217644
8.422651
33.554017
47.673362
33.197731
3.237270
18.194205
37.355063
44.344595
16.250972
29.711828
1.335944
15.077103
25.884288
9.835190
49.942955
31.013386
41.784955
48.223894
0 14 47.207844
0 12 15.811765
0 6 33.309260
0 3 35.117472
0 2 44.287852
1 18 3.066633
1 17 44.189044
1 7 0.478777
1 6 44.687015
1 5 10.056611
2 18 48.060642
2 16 11.753906
2 13 41.384687
2 10 9.231776
3 18 18.651581
3 14 39.551535
3 13 26.683915
3 9 41.589999
3 6 3.727856
4 18 24.218874
4 10 26.678871
4 7 14.940467
5 18 38.774791
5 12 12.730321
5 10 19.135292
6 17 15.503885
6 15 49.094516
6 13 16.592520
6 10 14.895985
7 18 31.806844
7 9 26.841027
7 8 49.406991
8 17 26.721678
8 15 13.518117
9 18 17.704460
9 11 28.465242
10 16 15.022498
11 18 15.251246
13 16 8.824954
14 18 37.259096
14 16 0.768499
14 15 45.156179
15 18 30.020771
17 18 40.342217
