19 44 1 16980 714 0
10.567398
26.435533
15.782154
25.610366
15.226441
31.745450
7.156801
22.029305
1.211404
8.000902
14.306984
29.197125
46.054043
33.800349
45.634571
6.301969
16.520640
25.566908
5.199440
0 14 44.386972
0 12 40.676205
0 6 6.157230
0 3 35.130845
0 2 10.530545
1 18 7.362245
1 17 43.955908
1 7 30.302388
1 6 49.024219
1 5 26.723074
2 18 13.259243
2 16 35.360507
2 13 30.778019
2 10 38.090940
3 18 35.681496
3 14 42.279428
3 13 19.947512
3 9 25.848838
3 6 33.077292
4 18 21.500314
4 10 44.368194
4 7 8.128071
5 18 12.660337
5 12 7.890376
5 10 0.478298
6 17 32.738080
6 15 19.337427
6 13 6.193909
6 10 37.259443
7 18 37.195435
7 9 7.942696
7 8 3.009407
8 17 12.430497
8 15 3.994951
9 18 39.837929
9 11 39.115625
10 16 4.357824
11 18 22.530224
13 16 35.674155
14 18 28.702717
14 16 15.034050
14 15 49.889993
15 18 29.539383
17 18 34.486923
