17 35 1 17925 63 0
36.544849
40.845588
25.651554
26.731446
18.116222
38.577301
38.655553
1.501424
0.242175
49.817975
47.895449
9.307320
27.201722
28.853511
3.776615
49.485675
13.980507
0 13 2.006897
0 11 38.328254
0 6 47.393831
0 3 44.568502
0 2 7.554835
1 3 8.833135
1 2 21.963217
2 16 26.580562
2 12 8.320594
2 4 30.925028
3 15 41.967561
3 13 47.140070
3 11 30.321900
3 7 18.987258
3 4 10.224005
4 16 23.155918
4 12 49.216290
4 11 19.475006
5 13 15.767106
6 14 5.140017
6 11 41.938874
7 13 13.357654
7 10 46.642191
7 8 26.710896
8 13 43.250225
8 12 1.860680
8 10 40.062375
9 16 27.003323
9 13 5.448140
9 10 29.559687
10 13 14.463514
11 13 27.903048
12 16 14.199778
12 14 10.289926
15 16 11.421562
