19 44 1 16150 226 0
6.799082
41.163920
12.036916
39.524681
36.318750
42.105010
46.967781
6.539322
28.516479
49.154187
43.345438
39.766142
17.272986
27.687135
2.747597
6.066967
35.135615
14.937523
49.293821
0 14 27.007089
0 12 0.195319
0 6 24.562646
0 3 24.188891
0 2 10.470799
1 18 44.459953
1 17 15.616262
1 7 35.270357
1 6 21.942623
1 5 2.108723
2 18 5.891845
2 16 21.827382
2 13 18.535896
2 10 48.405584
3 18 34.650132
3 14 23.896684
3 13 34.203498
3 9 5.193362
3 6 17.065124
4 18 21.424072
4 10 38.199433
4 7 0.769364
5 18 1.507897
5 12 8.956637
5 10 13.415087
6 17 1.932464
6 15 12.328271
6 13 14.964920
6 10 23.274363
7 18 5.467031
7 9 26.713612
7 8 19.581717
8 17 3.455719
8 15 19.683253
9 18 4.157332
9 11 48.056767
10 16 6.991349
11 18 46.172460
13 16 34.865852
14 18 31.949765
14 16 16.194458
14 15 17.587871
15 18 7.642076
17 18 9.386898
