19 44 1 17420 483 0
2.429227
5.558256
7.724956
10.900838
25.982892
7.986353
4.877014
48.309974
37.600637
9.525646
10.028110
17.819326
3.523779
30.438493
33.225180
49.829638
15.156365
1.585919
0.803950
0 14 9.558786
0 12 24.409952
0 6 32.312293
0 3 2.527438
0 2 0.729141
1 18 34.175867
1 17 21.050684
1 7 19.007826
1 6 15.717015
1 5 36.828536
2 18 14.594816
2 16 24.055099
2 13 49.877962
2 10 15.639323
3 18 19.649957
3 14 0.511550
3 13 9.907496
3 9 37.743302
3 6 24.909452
4 18 7.384487
4 10 8.892197
4 7 36.921463
5 18 31.294477
5 12 11.894402
5 10 32.923470
6 17 11.038481
6 15 45.077121
6 13 29.932428
6 10 39.587173
7 18 44.662683
7 9 12.796993
7 8 38.445872
8 17 20.095734
8 15 14.924279
9 18 16.459915
9 11 20.643779
10 16 13.869119
11 18 5.294992
13 16 13.494532
14 18 42.175089
14 16 15.912332
14 15 43.936287
15 18 38.307151
17 18 5.944536
