16 27 1 17733 272 0
38.996741
44.383402
36.810692
41.444715
24.585987
16.040062
46.337254
26.399913
27.893379
24.959594
22.305692
15.749546
14.942646
1.109176
37.996327
8.089796
0 6 33.550203
0 4 47.452799
0 2 23.542594
1 13 45.457828
1 11 33.545621
3 12 22.879300
3 10 26.077874
3 6 20.621762
3 5 46.281473
4 15 6.519331
4 12 23.472515
4 7 47.267373
4 6 27.816179
5 11 17.115441
5 10 20.682242
5 9 0.848621
6 14 0.130514
6 12 5.885569
6 11 45.215007
7 14 21.532541
8 15 10.177935
8 14 21.130173
8 12 46.309913
10 15 1.330425
10 13 49.184388
10 12 13.458846
11 12 10.706342
