19 44 1 16175 281 0
43.507439
27.871312
17.938966
20.229118
18.868302
31.457083
0.678652
36.572762
19.194074
29.143893
30.956093
34.216572
22.549603
46.207339
38.013861
31.374556
24.188905
25.272957
9.334801
0 14 24.957403
0 12 4.490980
0 6 8.056707
0 3 15.162635
0 2 3.812676
1 18 31.437785
1 17 30.819135
1 7 36.165665
1 6 28.177399
1 5 1.726905
2 18 36.816822
2 16 45.706254
2 13 3.420400
2 10 9.047256
3 18 16.102497
3 14 44.129758
3 13 12.356149
3 9 15.880318
3 6 14.860418
4 18 23.386319
4 10 18.354649
4 7 36.899792
5 18 14.133201
5 12 0.222037
5 10 40.688205
6 17 7.060761
6 15 32.819739
6 13 48.538422
6 10 44.680606
7 18 21.035096
7 9 41.905889
7 8 1.843004
8 17 13.785592
8 15 24.674894
9 18 48.766275
9 11 47.319103
10 16 2.885318
11 18 16.294708
13 16 7.284353
14 18 9.329120
14 16 18.465687
14 15 25.477585
15 18 19.156895
17 18 37.525566
