18 32 1 17716 230 0
6.773384
11.953050
21.285236
22.480514
43.378904
37.630912
38.805850
8.387764
41.803386
20.739839
0.385026
43.051754
32.024350
36.725788
13.881933
40.039890
24.291564
27.073460
0 7 43.870224
0 2 35.020644
1 17 3.295876
1 7 17.886781
2 16 39.130181
2 14 14.837956
2 10 2.444565
2 9 32.623946
3 16 44.091854
3 8 11.360712
4 9 34.390614
4 7 3.637544
5 17 46.215852
5 10 21.501427
5 9 25.701783
5 6 37.171246
6 13 0.703029
7 16 3.866625
7 15 19.428293
7 13 15.364630
7 12 2.447974
8 17 29.229371
9 16 1.813926
11 17 28.622339
11 16 37.856167
11 12 28.803484
12 13 43.147150
13 17 7.022420
13 16 18.102921
13 15 49.460788
15 17 24.316838
15 16 13.376711
