15 34 1 16411 1166 0
3.391505
46.991005
12.271194
5.562498
39.737601
35.896694
28.879505
41.584059
35.169745
17.560809
32.677530
7.004733
21.838235
19.994179
42.226060
0 10 26.885965
0 9 9.108045
0 8 36.765516
0 4 47.773313
1 10 29.135607
1 9 35.750351
1 8 3.309044
1 5 42.210044
1 4 19.143066
1 3 40.477166
2 14 28.938650
2 12 3.585068
2 9 11.543605
2 7 3.200239
3 9 42.984112
3 6 10.774399
3 5 13.911454
4 13 24.795313
4 11 14.929837
4 10 45.697487
4 6 20.069023
5 8 31.424820
5 7 47.199399
6 9 1.584039
7 14 12.835912
7 12 41.048029
7 10 18.435065
8 12 12.297272
8 9 15.778975
9 13 48.527008
9 11 38.691929
10 11 28.633164
12 14 29.183850
13 14 3.280353
