15 34 1 18154 389 0
44.093738
34.913230
27.816984
23.966245
14.317356
26.395542
11.651511
0.000446
0.460565
29.851076
13.677032
43.782231
3.938410
39.001635
20.944569
0 10 21.657768
0 9 37.293607
0 8 48.409439
0 4 17.857304
1 10 38.307534
1 9 34.078904
1 8 19.930633
1 5 32.172323
1 4 18.560661
1 3 34.808597
2 14 31.402908
2 12 4.178416
2 9 11.664704
2 7 45.080387
3 9 37.967902
3 6 26.391503
3 5 45.323535
4 13 42.731117
4 11 24.457689
4 10 14.907785
4 6 22.230811
5 8 22.013281
5 7 23.453611
6 9 49.153057
7 14 21.271157
7 12 34.541177
7 10 45.165792
8 12 34.077419
8 9 22.749085
9 13 12.277431
9 11 13.239827
10 11 20.342656
12 14 2.354045
13 14 2.296337
