18 32 1 16527 1430 0
44.457730
0.292439
25.419133
13.488474
39.453430
11.112395
21.126842
5.918723
30.714350
30.840059
11.891957
1.562344
13.938785
5.376144
9.857577
19.745434
28.475888
17.985136
0 7 7.962540
0 2 28.832075
1 17 30.935971
1 7 7.980570
2 16 39.369058
2 14 20.988972
2 10 2.125700
2 9 42.521842
3 16 28.935175
3 8 38.657229
4 9 37.893995
4 7 30.902077
5 17 20.933922
5 10 5.162096
5 9 14.586296
5 6 48.776636
6 13 36.635293
7 16 39.501169
7 15 1.627912
7 13 25.482369
7 12 24.602041
8 17 33.226373
9 16 11.918042
11 17 4.272574
11 16 7.723487
11 12 40.915235
12 13 12.301382
13 17 45.403433
13 16 16.658174
13 15 14.026804
15 17 34.203512
15 16 3.793305
