16 27 1 18109 297 0
28.183507
22.256133
30.926098
7.314611
23.399133
45.320258
32.960967
34.462187
21.783295
36.790457
20.416424
4.388291
10.153332
23.284800
27.175409
24.855222
0 6 22.187415
0 4 14.440311
0 2 15.596556
1 13 37.198446
1 11 38.332207
3 12 18.400764
3 10 12.315439
3 6 9.604765
3 5 18.228883
4 15 47.813558
4 12 35.851121
4 7 26.090203
4 6 17.564982
5 11 12.022707
5 10 19.791427
5 9 2.573535
6 14 6.675269
6 12 48.439085
6 11 13.263431
7 14 24.186533
8 15 7.324227
8 14 40.309138
8 12 38.560046
10 15 10.138612
10 13 40.444766
10 12 48.416945
11 12 38.726695
