18 32 1 18050 439 0
3.325254
31.283172
23.118735
19.678189
22.058249
11.543307
27.107531
16.911380
24.430329
21.510003
29.267972
48.916256
27.360810
34.209830
33.918060
13.731321
13.127571
31.138236
0 7 20.180439
0 2 44.776846
1 17 42.875081
1 7 11.509923
2 16 9.682368
2 14 39.967085
2 10 37.097142
2 9 11.738552
3 16 12.970528
3 8 21.759185
4 9 0.708182
4 7 11.588062
5 17 45.105770
5 10 14.185984
5 9 2.680193
5 6 10.162066
6 13 14.834469
7 16 3.461204
7 15 31.667883
7 13 44.073080
7 12 42.022957
8 17 21.805631
9 16 27.332504
11 17 39.335976
11 16 17.340985
11 12 30.381092
12 13 7.284674
13 17 48.025320
13 16 30.918026
13 15 31.414273
15 17 39.524859
15 16 6.458851
