18 32 1 16216 61 0
26.994089
10.537805
3.045778
8.951090
1.233570
3.836175
27.024760
9.276635
42.901283
44.691323
44.741129
23.632142
9.645894
33.995891
16.438308
26.867945
19.926503
1.058457
0 7 49.309503
0 2 23.621148
1 17 28.505787
1 7 47.585597
2 16 7.553464
2 14 28.950058
2 10 49.937428
2 9 12.327404
3 16 14.895236
3 8 6.819381
4 9 22.837608
4 7 36.611319
5 17 23.352807
5 10 1.574628
5 9 23.125158
5 6 40.849572
6 13 35.385367
7 16 27.834842
7 15 13.882553
7 13 27.844572
7 12 35.333494
8 17 23.225615
9 16 12.738776
11 17 38.254129
11 16 49.113993
11 12 19.554009
12 13 44.794174
13 17 39.530338
13 16 2.422541
13 15 7.938095
15 17 12.606098
15 16 47.982361
