19 44 1 17050 1164 0
15.850644
20.946330
8.703879
39.603994
5.163798
32.802979
41.003277
47.715054
34.919625
31.493839
14.291967
13.264951
6.727148
24.944234
13.293783
34.884895
16.739711
16.135104
14.569374
0 14 5.448972
0 12 9.416927
0 6 49.270948
0 3 11.993709
0 2 21.119456
1 18 24.858270
1 17 25.980164
1 7 33.350155
1 6 0.968398
1 5 6.587435
2 18 1.072760
2 16 12.975419
2 13 44.808421
2 10 27.631493
3 18 4.659364
3 14 44.262691
3 13 32.836947
3 9 28.391722
3 6 21.114992
4 18 2.100124
4 10 0.514952
4 7 16.880724
5 18 22.762994
5 12 42.079274
5 10 16.384013
6 17 22.414844
6 15 36.747983
6 13 31.794483
6 10 23.309917
7 18 11.249720
7 9 3.192574
7 8 38.077616
8 17 9.192029
8 15 18.137417
9 18 6.854769
9 11 22.541469
10 16 47.195935
11 18 33.864837
13 16 39.653072
14 18 43.690321
14 16 24.610821
14 15 23.493859
15 18 1.495429
17 18 42.915207
