16 27 1 18118 433 0
34.009990
40.805202
35.151126
36.583526
32.784044
41.826395
3.597373
31.223129
14.098220
16.860804
16.860659
38.284753
18.456442
24.184886
30.872050
8.765580
0 6 43.824552
0 4 8.679483
0 2 26.221025
1 13 11.915334
1 11 25.420136
3 12 49.145118
3 10 6.933706
3 6 5.303449
3 5 10.964094
4 15 27.527222
4 12 32.280971
4 7 24.971268
4 6 47.985398
5 11 34.663943
5 10 16.016813
5 9 25.207420
6 14 34.968089
6 12 13.804529
6 11 33.011153
7 14 35.827085
8 15 26.361892
8 14 17.781728
8 12 5.131095
10 15 24.239294
10 13 13.539752
10 12 9.843328
11 12 32.891110
