16 27 1 16685 246 0
21.140414
16.659937
36.076189
14.381301
48.771452
46.321069
23.878229
37.311699
47.462977
31.631453
9.001928
12.927951
7.201702
28.876172
14.744629
30.903011
0 6 24.220696
0 4 17.810995
0 2 40.776838
1 13 35.250011
1 11 42.898861
3 12 40.510239
3 10 48.522522
3 6 43.610497
3 5 37.723371
4 15 34.044237
4 12 26.007756
4 7 23.806522
4 6 39.553920
5 11 36.398684
5 10 11.684622
5 9 27.658632
6 14 13.503047
6 12 45.668205
6 11 43.245617
7 14 38.106220
8 15 49.280339
8 14 9.485028
8 12 49.679893
10 15 17.465797
10 13 32.782211
10 12 23.898087
11 12 9.432501
