17 35 1 17666 533 0
29.474146
43.801724
34.559477
43.678730
22.180403
30.796479
10.866447
4.507203
10.248121
26.217405
38.212231
32.569487
21.016362
14.990446
43.405396
9.249095
13.741869
0 13 17.355098
0 11 17.380509
0 6 22.779534
0 3 41.827683
0 2 40.779268
1 3 9.512918
1 2 41.916646
2 16 36.047855
2 12 9.968919
2 4 7.898773
3 15 40.593031
3 13 1.013519
3 11 0.618207
3 7 37.826798
3 4 26.988402
4 16 29.350521
4 12 19.581813
4 11 1.225014
5 13 45.814793
6 14 44.755657
6 11 17.767365
7 13 43.167770
7 10 29.678018
7 8 45.402381
8 13 8.942208
8 12 30.412335
8 10 15.707130
9 16 16.345676
9 13 15.008860
9 10 31.933989
10 13 1.248367
11 13 36.340762
12 16 8.015540
12 14 13.191527
15 16 30.618474
