18 32 1 16770 721 0
5.538679
25.062436
40.944681
18.920838
12.040080
45.087185
4.783106
22.007933
34.852172
35.980239
34.696985
7.012343
27.903985
28.858434
15.746487
46.318117
27.712605
40.991233
0 7 35.759066
0 2 16.556753
1 17 49.974387
1 7 13.652522
2 16 38.210601
2 14 0.063393
2 10 11.157726
2 9 25.091255
3 16 24.522910
3 8 47.189592
4 9 9.139268
4 7 15.286255
5 17 39.054107
5 10 22.694686
5 9 39.508356
5 6 45.791827
6 13 35.515976
7 16 10.949973
7 15 24.382294
7 13 36.814401
7 12 17.731603
8 17 12.621714
9 16 42.479866
11 17 30.991736
11 16 24.844304
11 12 46.308792
12 13 10.223092
13 17 27.819824
13 16 4.785287
13 15 4.077792
15 17 0.921801
15 16 19.561065
