19 44 1 17144 594 0
47.903617
31.521555
10.299760
33.423889
46.838399
40.451048
37.043817
8.311780
22.178092
18.084323
46.974041
34.761850
39.199808
40.761001
4.085957
30.290295
1.281643
3.060164
3.220410
0 14 9.469142
0 12 2.139296
0 6 40.243115
0 3 33.431703
0 2 3.525669
1 18 18.064289
1 17 6.477019
1 7 32.545534
1 6 46.424242
1 5 26.944725
2 18 45.174674
2 16 1.710064
2 13 34.228856
2 10 34.022481
3 18 43.752707
3 14 17.739561
3 13 16.227041
3 9 30.988008
3 6 42.946717
4 18 9.313670
4 10 22.993113
4 7 18.718161
5 18 26.963803
5 12 19.371039
5 10 24.260277
6 17 28.124068
6 15 41.344812
6 13 49.371475
6 10 22.305196
7 18 40.092819
7 9 20.476600
7 8 19.279753
8 17 27.711237
8 15 43.173798
9 18 14.687473
9 11 17.130341
10 16 29.865426
11 18 17.150717
13 16 37.112196
14 18 30.217274
14 16 32.837521
14 15 30.807423
15 18 38.175474
17 18 49.756001
