17 35 1 1733 1278 0
20.704737
41.219262
18.670407
34.968092
27.047166
36.947661
44.615162
0.115602
5.194072
40.625183
6.532797
0.507178
46.054937
43.979228
26.139592
3.979653
25.774424
0 13 27.383629
0 11 4.624910
0 6 7.341225
0 3 37.640740
0 2 11.094307
1 3 48.493434
1 2 40.269995
2 16 10.469873
2 12 15.825755
2 4 8.536423
3 15 40.053126
3 13 7.967489
3 11 15.184822
3 7 26.733246
3 4 34.614259
4 16 34.938474
4 12 49.545392
4 11 37.387620
5 13 33.297489
6 14 7.044636
6 11 11.418072
7 13 34.156932
7 10 2.693419
7 8 33.177323
8 13 40.064769
8 12 21.292591
8 10 0.365772
9 16 10.796203
9 13 37.734746
9 10 24.714643
10 13 18.242348
11 13 34.346892
12 16 49.216501
12 14 24.674358
15 16 46.762873
