18 32 1 17177 91 0
9.146474
29.843105
8.500222
8.902475
40.323775
22.073075
48.751296
16.862348
6.122529
46.432496
12.680675
26.875624
21.824932
8.766763
40.802516
17.875323
19.540324
7.216876
0 7 31.056054
0 2 3.496663
1 17 33.599334
1 7 16.226715
2 16 39.931967
2 14 20.690096
2 10 42.061940
2 9 11.442704
3 16 38.739046
3 8 22.635237
4 9 18.628827
4 7 33.922837
5 17 5.633390
5 10 40.076265
5 9 23.623093
5 6 3.652782
6 13 27.611059
7 16 34.764433
7 15 13.755123
7 13 46.936347
7 12 14.731764
8 17 35.286688
9 16 47.463014
11 17 7.355867
11 16 48.495870
11 12 23.692401
12 13 8.748871
13 17 48.434199
13 16 13.363008
13 15 10.818166
15 17 48.127052
15 16 41.665247
