15 34 1 17025 161 0
21.607417
40.196606
9.095507
11.445345
15.691871
48.211132
45.651468
20.049695
45.454828
18.181692
37.067857
31.128983
48.602292
15.770574
17.281435
0 10 13.636343
0 9 17.171428
0 8 6.750754
0 4 32.494743
1 10 23.624080
1 9 13.289345
1 8 5.334322
1 5 18.137181
1 4 27.645933
1 3 28.017547
2 14 24.025658
2 12 34.742747
2 9 21.683507
2 7 31.143210
3 9 1.526731
3 6 20.093924
3 5 24.125154
4 13 13.170893
4 11 10.520682
4 10 4.425488
4 6 49.842737
5 8 16.080288
5 7 23.753350
6 9 24.099100
7 14 42.551255
7 12 40.490562
7 10 28.345325
8 12 10.652267
8 9 28.157748
9 13 2.841321
9 11 38.709261
10 11 44.847553
12 14 10.200598
13 14 43.710323
