15 34 1 1814 17 0
30.495812
15.079719
7.537002
47.117089
8.760200
37.668299
0.995430
13.503397
27.668607
44.824253
23.936115
10.715249
47.122733
30.123122
28.521972
0 10 29.183460
0 9 31.454548
0 8 30.909894
0 4 8.106637
1 10 14.063680
1 9 9.200914
1 8 25.452006
1 5 26.413020
1 4 35.290255
1 3 18.575656
2 14 0.252939
2 12 33.402774
2 9 33.912562
2 7 37.692450
3 9 25.349761
3 6 23.149784
3 5 29.997887
4 13 24.799733
4 11 39.667900
4 10 34.743092
4 6 47.959207
5 8 31.839577
5 7 48.738449
6 9 34.449868
7 14 49.745336
7 12 16.436048
7 10 9.269479
8 12 13.754610
8 9 28.065850
9 13 37.809852
9 11 19.262633
10 11 7.948831
12 14 15.563967
13 14 10.168300
