16 27 1 17750 250 0
31.281346
0.981527
46.250005
32.129967
5.213972
46.380520
30.431387
11.099541
20.053628
25.646394
12.442938
41.586169
4.407022
22.620873
35.998011
25.537194
0 6 8.876683
0 4 17.289129
0 2 24.899309
1 13 18.056864
1 11 39.130420
3 12 49.084376
3 10 17.285728
3 6 4.291455
3 5 30.365188
4 15 30.697041
4 12 46.921980
4 7 46.678702
4 6 36.774822
5 11 8.561778
5 10 31.742512
5 9 16.719038
6 14 26.867712
6 12 0.826303
6 11 0.481683
7 14 40.125177
8 15 47.646374
8 14 2.765320
8 12 18.593214
10 15 13.499175
10 13 7.598236
10 12 34.537563
11 12 5.324645
