17 35 1 18127 314 0
47.318348
42.663335
42.399849
22.525768
2.504700
27.367939
6.412672
16.309228
38.557053
39.423824
42.029091
24.384138
47.855113
18.390983
9.356340
15.636840
1.686581
0 13 14.487435
0 11 25.925876
0 6 2.261769
0 3 40.425952
0 2 10.583501
1 3 40.282405
1 2 1.887069
2 16 38.778357
2 12 9.546111
2 4 47.055104
3 15 17.716797
3 13 25.471103
3 11 5.393423
3 7 4.995735
3 4 9.211582
4 16 25.470988
4 12 9.354592
4 11 4.281641
5 13 29.089255
6 14 9.698853
6 11 19.948140
7 13 31.132765
7 10 17.127520
7 8 16.385613
8 13 31.215248
8 12 13.587681
8 10 26.805049
9 16 6.072668
9 13 38.914025
9 10 5.982879
10 13 31.700977
11 13 21.824623
12 16 32.850731
12 14 2.671930
15 16 20.813856
