18 32 1 17075 1445 0
9.677338
40.852242
3.936415
18.869367
7.321580
22.073832
49.176387
14.176350
42.311373
21.717856
21.546071
39.507307
11.140049
5.410908
9.466236
0.793121
31.355020
3.156557
0 7 6.830206
0 2 19.261722
1 17 17.324643
1 7 35.612407
2 16 45.562497
2 14 14.404777
2 10 18.233619
2 9 39.189365
3 16 42.951482
3 8 44.243865
4 9 10.687295
4 7 13.845725
5 17 26.062546
5 10 37.644274
5 9 25.778895
5 6 38.685338
6 13 24.965134
7 16 12.933166
7 15 28.704212
7 13 2.529627
7 12 48.872298
8 17 22.603832
9 16 41.016519
11 17 39.275950
11 16 8.304143
11 12 26.095870
12 13 20.075054
13 17 1.224804
13 16 14.927369
13 15 31.666381
15 17 7.868371
15 16 23.315365
