19 44 1 17111 169 0
40.048268
19.571835
23.970871
23.568084
45.667705
42.962309
43.643137
35.609300
44.187113
39.780736
0.536670
33.056191
21.447117
41.242934
40.924562
41.798836
14.558299
23.758068
20.097616
0 14 0.806830
0 12 27.100607
0 6 26.534259
0 3 19.267335
0 2 12.243839
1 18 6.725407
1 17 10.087921
1 7 1.881439
1 6 21.964947
1 5 27.299142
2 18 39.030861
2 16 8.110917
2 13 38.526995
2 10 13.011614
3 18 13.912150
3 14 0.423447
3 13 35.651032
3 9 0.319912
3 6 35.894361
4 18 33.306864
4 10 39.626900
4 7 26.048767
5 18 16.329513
5 12 33.370825
5 10 22.773953
6 17 45.868707
6 15 27.749845
6 13 33.891866
6 10 3.333475
7 18 46.602672
7 9 33.673162
7 8 31.964604
8 17 24.550173
8 15 31.509484
9 18 1.871763
9 11 8.582734
10 16 4.848620
11 18 41.213483
13 16 12.561707
14 18 9.472593
14 16 35.254275
14 15 47.140475
15 18 9.320924
17 18 29.280961
