16 27 1 17962 0 0
13.104504
11.961614
9.625905
0.422146
20.008226
1.241591
3.411934
42.518351
45.572882
34.304769
28.708281
4.103951
12.575659
25.188136
42.601904
2.268110
0 6 37.097935
0 4 45.320998
0 2 42.821939
1 13 45.769007
1 11 9.925250
3 12 22.692769
3 10 25.370260
3 6 13.393341
3 5 34.559967
4 15 38.896910
4 12 24.260838
4 7 47.086544
4 6 26.613613
5 11 23.937671
5 10 0.982961
5 9 41.457382
6 14 0.928256
6 12 16.491723
6 11 42.414792
7 14 1.590089
8 15 6.395988
8 14 18.163476
8 12 46.881210
10 15 20.241011
10 13 4.576064
10 12 36.009370
11 12 1.446765
