15 34 1 16233 718 0
1.237642
39.727192
48.576956
36.571136
46.521822
21.802572
21.842058
9.260598
7.355591
10.096187
36.894611
6.469583
5.169696
6.448620
28.421184
0 10 49.963871
0 9 17.951522
0 8 15.036490
0 4 26.048947
1 10 21.662587
1 9 38.566550
1 8 38.095001
1 5 31.536671
1 4 15.621396
1 3 13.812897
2 14 17.785684
2 12 24.034590
2 9 42.971060
2 7 13.940893
3 9 39.300473
3 6 27.861827
3 5 33.003461
4 13 7.375195
4 11 4.869839
4 10 38.624140
4 6 8.260756
5 8 46.186478
5 7 41.574444
6 9 11.591698
7 14 48.987012
7 12 9.388371
7 10 11.020064
8 12 43.818979
8 9 17.553738
9 13 3.431767
9 11 28.149385
10 11 46.118554
12 14 27.106944
13 14 9.192797
