16 27 1 16333 149 0
23.969840
39.444211
15.556763
9.774443
6.066172
3.029142
38.951017
1.219871
14.839762
44.474262
42.271836
12.425586
40.724729
25.119293
40.389863
40.261514
0 6 35.210225
0 4 47.641235
0 2 16.366714
1 13 0.055639
1 11 31.092313
3 12 22.415600
3 10 15.985743
3 6 25.428447
3 5 48.973367
4 15 49.730027
4 12 44.014352
4 7 6.259410
4 6 33.155305
5 11 21.279700
5 10 23.650539
5 9 14.141549
6 14 21.594645
6 12 10.395265
6 11 28.960687
7 14 34.008778
8 15 45.455307
8 14 20.717880
8 12 15.953534
10 15 1.396633
10 13 37.131537
10 12 19.966439
11 12 39.807703
