19 44 1 16488 263 0
26.850328
41.405464
36.311023
39.345198
24.835365
49.131091
7.164365
12.200051
27.297691
6.998043
35.911205
14.888007
23.913706
25.964253
12.946310
37.236198
17.659949
34.389114
1.855491
0 14 34.970046
0 12 33.725166
0 6 17.399030
0 3 38.824787
0 2 14.534686
1 18 3.927489
1 17 10.810473
1 7 9.171136
1 6 20.168318
1 5 7.320036
2 18 35.599918
2 16 18.279574
2 13 38.231786
2 10 13.434235
3 18 11.903776
3 14 27.323475
3 13 16.763848
3 9 35.112776
3 6 39.233434
4 18 8.582993
4 10 7.897708
4 7 26.628233
5 18 7.843435
5 12 18.863852
5 10 44.101596
6 17 10.380122
6 15 40.501967
6 13 30.189440
6 10 22.903523
7 18 4.201737
7 9 41.447024
7 8 31.681120
8 17 42.573852
8 15 42.373750
9 18 40.731458
9 11 35.575407
10 16 13.467225
11 18 17.337347
13 16 48.003009
14 18 49.322413
14 16 12.385087
14 15 21.806121
15 18 38.362231
17 18 31.620807
