15 34 1 18145 954 0
31.645971
38.863802
17.663912
22.701540
21.714533
43.770175
25.373471
33.654519
14.584032
37.744254
35.267261
5.346028
0.096296
18.012769
17.943233
0 10 29.575858
0 9 46.926051
0 8 4.541278
0 4 5.469925
1 10 8.578170
1 9 26.221794
1 8 11.983265
1 5 17.415161
1 4 7.812759
1 3 25.486466
2 14 27.993497
2 12 5.887770
2 9 33.840673
2 7 46.915277
3 9 43.728320
3 6 7.129933
3 5 35.597445
4 13 9.033230
4 11 43.405570
4 10 27.483925
4 6 28.772738
5 8 11.988965
5 7 29.872507
6 9 48.578558
7 14 35.683090
7 12 18.199565
7 10 43.321665
8 12 25.324602
8 9 17.719358
9 13 16.349038
9 11 37.167925
10 11 34.751857
12 14 27.534955
13 14 12.904094
