19 44 1 16366 4204 0
0.304929
24.768243
48.202398
47.147971
23.175877
21.151662
8.132561
30.444276
15.695572
30.899935
48.107940
48.200842
32.627996
26.222508
14.714889
44.409056
49.792383
37.653313
26.907996
0 14 34.803309
0 12 5.553265
0 6 30.364130
0 3 8.745087
0 2 18.252764
1 18 4.160575
1 17 36.391937
1 7 3.377858
1 6 2.104696
1 5 41.672469
2 18 40.225092
2 16 30.656911
2 13 5.200400
2 10 3.140823
3 18 6.671802
3 14 26.517452
3 13 17.339408
3 9 12.685979
3 6 3.400786
4 18 1.852966
4 10 7.518074
4 7 26.829010
5 18 34.942359
5 12 27.449919
5 10 4.736387
6 17 19.596026
6 15 41.694793
6 13 33.387413
6 10 7.132356
7 18 46.504648
7 9 27.322372
7 8 5.279270
8 17 5.092817
8 15 42.365317
9 18 39.396315
9 11 30.147153
10 16 0.231824
11 18 40.824400
13 16 37.183030
14 18 22.221238
14 16 37.396707
14 15 36.880897
15 18 42.070201
17 18 25.986692
