17 35 1 19030 387 0
14.842397
27.929330
17.416609
18.655327
26.646001
37.148309
25.870560
22.220152
34.161547
40.550362
39.495721
25.261227
43.781253
14.996981
19.400485
24.925973
20.171612
0 13 49.490369
0 11 27.444254
0 6 30.688506
0 3 40.963326
0 2 41.893353
1 3 28.750558
1 2 46.021224
2 16 6.338002
2 12 41.695979
2 4 0.596555
3 15 0.863889
3 13 13.005834
3 11 12.312428
3 7 35.195504
3 4 7.667546
4 16 47.481021
4 12 48.875312
4 11 31.764848
5 13 39.347645
6 14 44.274784
6 11 45.713630
7 13 22.736603
7 10 47.304711
7 8 15.685409
8 13 4.067934
8 12 17.844977
8 10 39.098670
9 16 46.346074
9 13 19.117873
9 10 28.720507
10 13 41.663055
11 13 33.943334
12 16 1.126804
12 14 20.102184
15 16 38.436355
