17 35 1 19544 410 0
30.919149
0.435184
38.911905
10.678354
30.041737
44.310182
41.371326
21.575151
28.121650
15.664369
38.529420
19.873825
28.401287
17.499531
7.439683
36.678860
44.221134
0 13 29.476757
0 11 15.095513
0 6 49.191219
0 3 44.384511
0 2 37.172548
1 3 20.974384
1 2 21.328931
2 16 39.210485
2 12 0.924763
2 4 1.805853
3 15 41.260165
3 13 23.356595
3 11 11.910424
3 7 35.325821
3 4 0.670103
4 16 23.631089
4 12 37.502385
4 11 22.683114
5 13 6.318881
6 14 38.058975
6 11 16.415711
7 13 1.782764
7 10 21.046217
7 8 9.508758
8 13 40.882088
8 12 17.205925
8 10 34.695614
9 16 39.066786
9 13 33.792940
9 10 26.015994
10 13 46.397287
11 13 14.609902
12 16 38.373686
12 14 20.593275
15 16 4.360641
