18 32 1 19080 355 0
3.424569
11.517759
41.413790
44.435596
0.671320
31.240188
35.227973
8.371825
25.833534
29.360408
42.490477
5.661952
9.071182
6.840608
18.098025
47.995822
46.062956
33.813465
0 7 38.261736
0 2 37.323754
1 17 25.880601
1 7 5.475117
2 16 5.156863
2 14 5.335951
2 10 26.977487
2 9 41.245880
3 16 3.196115
3 8 49.631465
4 9 0.289025
4 7 17.784496
5 17 31.126952
5 10 49.620110
5 9 24.851500
5 6 33.038442
6 13 7.909441
7 16 18.098394
7 15 13.779834
7 13 44.425716
7 12 25.718624
8 17 48.664818
9 16 8.522186
11 17 21.087388
11 16 31.827898
11 12 0.142389
12 13 46.183854
13 17 24.896425
13 16 44.782563
13 15 26.535782
15 17 20.199601
15 16 32.747299
