17 35 1 1930 618 0
15.806099
24.911232
45.560602
37.930950
27.250255
11.569667
8.802526
45.089185
47.124660
2.712608
36.542060
41.177645
18.142818
9.284750
32.822224
35.415072
33.517807
0 13 3.652464
0 11 22.816890
0 6 38.349018
0 3 15.343778
0 2 17.917963
1 3 35.950833
1 2 49.281321
2 16 15.026323
2 12 10.877504
2 4 1.442808
3 15 11.759799
3 13 19.571831
3 11 33.074054
3 7 32.615224
3 4 43.571701
4 16 25.876611
4 12 38.619416
4 11 22.944649
5 13 27.331783
6 14 22.049915
6 11 23.067694
7 13 44.469970
7 10 23.317649
7 8 46.541568
8 13 12.453567
8 12 6.642324
8 10 44.516369
9 16 38.685772
9 13 36.963632
9 10 19.949226
10 13 39.331292
11 13 27.759496
12 16 44.519337
12 14 4.919142
15 16 38.992573
