18 32 1 19825 920 0
32.579419
15.082949
0.778784
2.130593
5.048362
23.463070
15.100546
46.393091
44.600809
47.101896
23.529510
47.377465
14.508432
17.200037
8.785080
8.298364
39.277783
36.884864
0 7 12.730850
0 2 4.381202
1 17 43.637043
1 7 26.536648
2 16 17.937489
2 14 19.149958
2 10 6.976004
2 9 40.946217
3 16 3.859970
3 8 31.217857
4 9 42.387670
4 7 16.062413
5 17 23.196131
5 10 33.117218
5 9 38.869209
5 6 18.866075
6 13 33.658832
7 16 4.558862
7 15 42.609093
7 13 28.901823
7 12 17.684172
8 17 36.409850
9 16 49.781158
11 17 32.414964
11 16 23.350646
11 12 22.601645
12 13 39.451487
13 17 31.655497
13 16 19.234902
13 15 44.628829
15 17 37.167716
15 16 9.704170
