15 34 1 19566 971 0
49.612271
23.630848
16.012023
49.397143
18.579880
4.821164
43.288485
13.857118
13.292561
9.195029
13.446912
5.466193
15.588025
10.400397
41.988075
0 10 14.731666
0 9 9.520218
0 8 12.570700
0 4 2.789722
1 10 21.225343
1 9 40.890939
1 8 22.989093
1 5 16.624377
1 4 23.734272
1 3 6.521890
2 14 8.835105
2 12 16.419901
2 9 24.635616
2 7 36.139135
3 9 41.202954
3 6 22.089884
3 5 18.700848
4 13 49.287806
4 11 25.981816
4 10 10.640796
4 6 33.748955
5 8 6.663609
5 7 25.653737
6 9 47.247916
7 14 13.543211
7 12 22.519425
7 10 15.112861
8 12 45.070539
8 9 14.554254
9 13 19.850286
9 11 27.749205
10 11 11.691828
12 14 23.550272
13 14 27.721602
