15 34 1 19260 1067 0
1.191548
49.168008
39.814260
28.231375
23.774378
44.590045
1.078795
28.733097
32.068184
17.051003
2.229359
8.230995
18.135816
41.261212
13.846641
0 10 0.565895
0 9 2.578176
0 8 12.570331
0 4 9.015086
1 10 24.335790
1 9 32.230025
1 8 45.062751
1 5 19.626278
1 4 24.198534
1 3 11.221771
2 14 42.568664
2 12 3.508704
2 9 37.880001
2 7 23.531120
3 9 38.695522
3 6 9.957636
3 5 49.179186
4 13 34.016587
4 11 15.418439
4 10 35.350250
4 6 35.239235
5 8 3.472928
5 7 40.587261
6 9 1.709497
7 14 41.893491
7 12 17.215704
7 10 18.743085
8 12 5.763916
8 9 41.284114
9 13 2.734081
9 11 44.087367
10 11 19.241054
12 14 25.227529
13 14 5.016071
