18 32 1 18216 427 0
43.574780
23.703329
23.652937
8.848399
35.401225
7.160019
4.366973
47.164642
37.405846
40.865238
21.682349
36.882305
1.542025
6.445237
0.619910
21.302582
25.799195
23.490504
0 7 17.510536
0 2 10.403706
1 17 38.966332
1 7 42.058432
2 16 31.896547
2 14 17.333952
2 10 9.866692
2 9 26.872826
3 16 19.757131
3 8 40.679647
4 9 9.438693
4 7 14.989342
5 17 14.967798
5 10 37.566279
5 9 37.833948
5 6 39.078212
6 13 46.046739
7 16 40.325519
7 15 8.818639
7 13 37.092912
7 12 23.471700
8 17 43.884682
9 16 15.335596
11 17 16.858019
11 16 33.031559
11 12 9.216831
12 13 35.623160
13 17 23.591293
13 16 40.737539
13 15 16.178667
15 17 24.523046
15 16 33.915972
