16 27 1 18258 27 0
7.068400
44.706131
33.399320
30.395354
8.656410
37.223831
31.295085
28.701796
18.174645
24.356623
46.839982
14.239507
0.415628
31.895910
27.512192
42.829711
0 6 32.453355
0 4 44.365634
0 2 22.058185
1 13 44.864392
1 11 47.330374
3 12 36.923912
3 10 11.042295
3 6 11.723181
3 5 28.961777
4 15 48.506049
4 12 32.346333
4 7 16.319983
4 6 4.157756
5 11 14.760486
5 10 45.055875
5 9 47.403096
6 14 15.496608
6 12 17.936317
6 11 5.339247
7 14 10.371820
8 15 25.113191
8 14 22.443326
8 12 31.551378
10 15 4.266182
10 13 29.289008
10 12 48.131342
11 12 32.573365
