19 44 1 19010 135 0
2.655194
23.791249
30.103570
27.488075
9.673961
31.633571
34.203345
2.948398
14.900805
35.789356
43.373961
3.801117
43.135090
35.372179
31.680036
3.473478
19.867141
48.718377
15.374954
0 14 37.791501
0 12 4.780968
0 6 23.243077
0 3 7.130359
0 2 2.207094
1 18 4.205862
1 17 27.902967
1 7 41.075661
1 6 37.671072
1 5 39.594388
2 18 37.610037
2 16 33.993431
2 13 18.518834
2 10 23.091190
3 18 39.232751
3 14 37.367266
3 13 11.680332
3 9 8.276219
3 6 23.957911
4 18 0.976959
4 10 40.654350
4 7 37.137097
5 18 33.179933
5 12 23.948359
5 10 0.921991
6 17 11.470476
6 15 38.926490
6 13 29.943182
6 10 14.829517
7 18 29.437636
7 9 24.843939
7 8 31.086520
8 17 8.953137
8 15 21.447681
9 18 4.769315
9 11 9.076054
10 16 27.607462
11 18 13.980982
13 16 24.425908
14 18 31.638401
14 16 1.472088
14 15 13.879926
15 18 38.572785
17 18 47.843902
