18 32 1 18825 385 0
37.122390
19.690892
26.904841
46.598803
10.160036
3.867119
9.286413
41.305681
30.918909
7.727738
14.302708
40.270880
5.083642
1.352206
8.726608
39.055964
19.883206
44.118066
0 7 29.619029
0 2 28.782181
1 17 4.141063
1 7 48.883533
2 16 4.683569
2 14 45.392009
2 10 41.187481
2 9 47.485870
3 16 29.113202
3 8 21.959441
4 9 48.951587
4 7 46.127353
5 17 43.149230
5 10 14.606502
5 9 40.266959
5 6 45.993904
6 13 19.732223
7 16 37.144764
7 15 12.127540
7 13 27.528392
7 12 12.522919
8 17 44.606086
9 16 5.434800
11 17 21.802721
11 16 49.737862
11 12 22.947616
12 13 46.640512
13 17 11.943744
13 16 20.285964
13 15 41.665580
15 17 11.039953
15 16 30.438911
