15 34 1 18612 1308 0
6.603221
45.556742
45.320323
31.575090
0.558109
4.975065
3.183044
1.375713
49.737466
48.826936
46.154973
8.329589
34.967095
24.161612
25.593351
0 10 3.874020
0 9 44.328016
0 8 34.972352
0 4 30.092395
1 10 45.915401
1 9 15.512225
1 8 5.255359
1 5 31.628829
1 4 24.854949
1 3 40.623128
2 14 27.743679
2 12 9.613084
2 9 45.335658
2 7 25.274364
3 9 43.407114
3 6 29.258598
3 5 22.160553
4 13 33.530529
4 11 25.168939
4 10 29.981290
4 6 3.804182
5 8 49.065201
5 7 13.745244
6 9 4.362345
7 14 7.879600
7 12 45.030233
7 10 40.583665
8 12 14.742670
8 9 13.083336
9 13 39.584570
9 11 39.453011
10 11 3.771584
12 14 42.429782
13 14 18.746470
