16 27 1 18190 302 0
23.743470
12.731548
18.927277
39.939587
36.843361
27.655468
14.699067
13.309220
49.457432
41.754883
16.586813
44.921588
36.014821
9.441363
36.278750
46.465569
0 6 13.886152
0 4 46.560737
0 2 32.309472
1 13 41.374415
1 11 26.268331
3 12 24.220966
3 10 9.150291
3 6 9.683269
3 5 14.241183
4 15 22.833348
4 12 6.266015
4 7 14.393764
4 6 29.287297
5 11 0.645035
5 10 40.421940
5 9 11.767687
6 14 2.614143
6 12 38.414876
6 11 36.643023
7 14 5.021359
8 15 18.152403
8 14 42.052880
8 12 30.751960
10 15 10.196455
10 13 30.346696
10 12 46.077688
11 12 20.562216
