15 34 1 19475 176 0
14.980329
30.902458
42.600924
16.591239
46.226638
31.801200
45.105853
28.580369
16.021009
22.145922
13.008928
34.257092
44.162765
29.355608
14.212103
0 10 30.660478
0 9 44.261896
0 8 13.174611
0 4 19.999572
1 10 1.439498
1 9 40.674142
1 8 38.313345
1 5 14.663771
1 4 35.665536
1 3 4.963184
2 14 41.792867
2 12 47.362628
2 9 2.785392
2 7 33.382163
3 9 13.671315
3 6 1.254588
3 5 17.820216
4 13 34.469739
4 11 18.639432
4 10 12.891017
4 6 14.216698
5 8 49.605165
5 7 24.250366
6 9 14.892303
7 14 9.835165
7 12 12.172678
7 10 6.619870
8 12 22.001267
8 9 29.043856
9 13 46.447746
9 11 18.121200
10 11 37.046964
12 14 43.218818
13 14 16.936244
