15 34 1 19887 1254 0
30.196603
7.984592
45.928987
34.689434
33.408577
30.858805
14.024727
37.286579
22.795182
20.055855
19.322055
35.983190
44.400206
3.626698
20.517683
0 10 37.674088
0 9 6.972125
0 8 8.562717
0 4 28.695000
1 10 14.544456
1 9 26.874909
1 8 23.233400
1 5 10.318558
1 4 6.864332
1 3 46.125204
2 14 1.711727
2 12 5.578493
2 9 49.779192
2 7 8.320360
3 9 20.034554
3 6 6.280066
3 5 15.440208
4 13 25.305482
4 11 33.145682
4 10 29.654842
4 6 10.565821
5 8 3.944796
5 7 33.197480
6 9 33.995438
7 14 32.566504
7 12 31.615579
7 10 7.104652
8 12 23.276537
8 9 12.828420
9 13 42.646227
9 11 43.543955
10 11 40.571615
12 14 12.178483
13 14 32.987088
