19 44 1 19366 122 0
12.647024
15.060823
6.595771
26.848890
45.930398
20.169986
4.366431
34.345024
28.240974
31.358246
26.969221
28.124514
22.955525
21.070107
4.927855
32.812464
26.787587
17.609119
7.678897
0 14 40.161463
0 12 33.284443
0 6 34.406278
0 3 7.509031
0 2 21.546195
1 18 39.161336
1 17 6.945022
1 7 12.567369
1 6 0.152557
1 5 38.160343
2 18 10.978329
2 16 11.466801
2 13 42.474114
2 10 44.030699
3 18 9.324495
3 14 32.965475
3 13 29.813291
3 9 16.767743
3 6 19.312642
4 18 14.235862
4 10 18.574771
4 7 46.830434
5 18 7.619357
5 12 9.313705
5 10 42.135158
6 17 42.269494
6 15 16.992637
6 13 42.216330
6 10 36.273204
7 18 34.753330
7 9 47.886846
7 8 45.083657
8 17 33.968723
8 15 41.919706
9 18 36.128173
9 11 44.140202
10 16 9.552766
11 18 30.222736
13 16 0.368439
14 18 24.944037
14 16 37.010488
14 15 45.617084
15 18 20.949827
17 18 13.469877
