16 27 1 19957 623 0
1.348724
44.432710
43.360133
21.383774
8.135972
21.011535
18.778169
19.956779
16.537383
23.888656
45.713219
12.289322
41.141025
34.164003
25.612421
31.893084
0 6 10.552418
0 4 5.006274
0 2 6.129436
1 13 38.446079
1 11 20.543038
3 12 41.020235
3 10 18.941689
3 6 31.248013
3 5 49.825572
4 15 41.674187
4 12 45.619681
4 7 27.918323
4 6 34.341012
5 11 24.446386
5 10 7.795545
5 9 7.375120
6 14 7.830271
6 12 3.938454
6 11 45.104160
7 14 23.431395
8 15 21.769328
8 14 3.316478
8 12 19.844492
10 15 11.001430
10 13 9.172637
10 12 27.631608
11 12 13.127972
