18 32 1 19040 145 0
25.884840
34.707021
23.526655
41.570248
23.707711
27.594589
7.852212
41.552688
32.526412
46.950882
22.403499
28.872486
48.361980
41.521372
10.414064
27.082487
18.306791
2.077118
0 7 3.284016
0 2 42.615485
1 17 17.958308
1 7 44.885268
2 16 27.094637
2 14 40.544649
2 10 11.052766
2 9 49.203967
3 16 7.999737
3 8 12.174010
4 9 14.464366
4 7 12.802831
5 17 23.572908
5 10 28.389237
5 9 38.247298
5 6 36.064091
6 13 48.946154
7 16 45.942133
7 15 41.397244
7 13 23.299125
7 12 7.428118
8 17 32.988827
9 16 30.273262
11 17 3.060304
11 16 5.104472
11 12 4.124947
12 13 9.934736
13 17 6.436702
13 16 28.092589
13 15 17.494616
15 17 31.521968
15 16 7.871201
