16 27 1 18520 94 0
25.698531
18.123592
36.749691
6.942916
31.837491
12.621019
7.736319
46.292126
28.866299
13.015420
17.260913
39.481581
48.401146
40.584104
27.182067
8.912198
0 6 31.102016
0 4 12.371895
0 2 29.062699
1 13 6.290180
1 11 48.207835
3 12 6.643469
3 10 15.421774
3 6 39.060477
3 5 16.119856
4 15 48.063222
4 12 38.431188
4 7 44.249474
4 6 18.814960
5 11 6.779068
5 10 2.094491
5 9 26.128304
6 14 31.248730
6 12 36.476145
6 11 27.320098
7 14 24.082328
8 15 32.723645
8 14 27.399853
8 12 28.722061
10 15 39.265724
10 13 42.270498
10 12 42.799265
11 12 43.128486
