15 34 1 19625 518 0
0.284530
12.488098
28.834099
41.097973
6.784141
11.268816
20.273813
47.819432
40.509650
39.343786
42.257579
23.294650
23.961628
13.386567
6.871733
0 10 23.515349
0 9 45.010704
0 8 48.725020
0 4 23.928026
1 10 20.061373
1 9 0.934240
1 8 29.339187
1 5 34.295976
1 4 38.411460
1 3 17.629831
2 14 3.568215
2 12 49.783246
2 9 19.408297
2 7 43.645225
3 9 13.088661
3 6 49.574680
3 5 31.781401
4 13 47.128384
4 11 47.409810
4 10 10.889760
4 6 49.336970
5 8 34.043016
5 7 49.950930
6 9 17.471888
7 14 15.123065
7 12 17.871822
7 10 14.000365
8 12 20.078926
8 9 6.782101
9 13 26.111609
9 11 20.755944
10 11 6.474772
12 14 20.271673
13 14 33.043766
