15 34 1 19133 368 0
33.056365
44.640181
26.469341
15.173288
40.824034
44.396226
40.069713
18.134840
39.178789
14.586247
44.670622
8.812852
34.785848
4.244846
41.560152
0 10 12.894889
0 9 42.405844
0 8 27.897519
0 4 31.118771
1 10 16.962875
1 9 1.868238
1 8 1.813888
1 5 43.718140
1 4 36.153069
1 3 4.610180
2 14 29.182355
2 12 41.396070
2 9 38.185195
2 7 41.987816
3 9 40.768164
3 6 38.558199
3 5 30.413928
4 13 28.457026
4 11 47.789091
4 10 48.861917
4 6 46.781034
5 8 34.548779
5 7 3.826859
6 9 26.735761
7 14 16.625239
7 12 41.306285
7 10 30.352348
8 12 43.124788
8 9 38.684671
9 13 15.535591
9 11 31.345267
10 11 33.115889
12 14 35.057834
13 14 20.070642
