19 44 1 19450 614 0
44.798015
38.705913
23.052776
47.618745
10.673201
38.994788
45.523131
10.340625
38.905523
5.278917
1.927756
42.097623
1.162875
49.670456
39.429924
1.749777
6.965921
27.732862
32.559415
0 14 31.433510
0 12 2.905493
0 6 47.579212
0 3 47.470293
0 2 21.621751
1 18 38.996740
1 17 29.843293
1 7 19.504096
1 6 38.375854
1 5 22.985169
2 18 47.404406
2 16 0.644236
2 13 29.426961
2 10 28.931953
3 18 7.280612
3 14 13.736152
3 13 23.069053
3 9 19.559258
3 6 26.903704
4 18 45.019534
4 10 2.074828
4 7 44.976775
5 18 11.718928
5 12 9.380158
5 10 22.979754
6 17 48.811261
6 15 10.629413
6 13 9.886189
6 10 49.770187
7 18 21.233112
7 9 45.482957
7 8 45.764922
8 17 1.610910
8 15 39.200275
9 18 32.353731
9 11 27.040069
10 16 18.236084
11 18 16.346680
13 16 36.497713
14 18 30.049792
14 16 8.092165
14 15 29.861627
15 18 28.316549
17 18 8.777953
