17 35 1 19555 519 0
8.520995
38.731826
30.960009
18.029753
10.702806
21.842097
29.344363
27.908731
3.984349
14.039978
18.471252
43.051135
10.646016
2.264192
17.443742
36.662010
36.727235
0 13 13.841030
0 11 1.337137
0 6 24.682779
0 3 18.333977
0 2 42.990794
1 3 7.559341
1 2 44.671838
2 16 22.288140
2 12 28.486110
2 4 44.106470
3 15 19.662256
3 13 4.312556
3 11 40.486453
3 7 44.348250
3 4 14.807434
4 16 29.477879
4 12 17.319354
4 11 26.389166
5 13 19.445169
6 14 11.377479
6 11 21.709371
7 13 26.203108
7 10 16.462921
7 8 49.784872
8 13 38.809141
8 12 45.277238
8 10 15.906543
9 16 42.173632
9 13 46.953486
9 10 49.143641
10 13 17.532142
11 13 40.409383
12 16 9.436536
12 14 26.853629
15 16 11.521691
