17 35 1 18333 808 0
21.036972
2.246734
13.833772
30.092652
42.570594
29.256517
29.358459
40.231226
16.675571
15.997279
28.950443
4.005053
7.276310
28.469436
0.952958
5.018389
6.705101
0 13 35.752278
0 11 6.666836
0 6 10.684820
0 3 19.692248
0 2 49.902162
1 3 31.918416
1 2 30.967408
2 16 47.940633
2 12 37.465916
2 4 25.784737
3 15 7.391744
3 13 33.398005
3 11 44.966406
3 7 30.665333
3 4 38.356016
4 16 30.140943
4 12 8.896998
4 11 20.573803
5 13 2.453811
6 14 20.849174
6 11 11.311582
7 13 29.259634
7 10 26.399734
7 8 25.493133
8 13 5.233552
8 12 30.588083
8 10 17.293833
9 16 36.014318
9 13 1.389145
9 10 35.696081
10 13 2.363373
11 13 13.853456
12 16 2.644803
12 14 30.842189
15 16 24.693310
