15 34 1 18233 225 0
23.904733
46.890285
8.963215
41.954469
42.033317
28.582789
8.161508
0.611882
10.640592
43.283359
39.483999
40.229349
30.351579
16.187335
26.565892
0 10 11.836422
0 9 43.856394
0 8 40.548102
0 4 39.987424
1 10 22.083381
1 9 14.883098
1 8 28.939300
1 5 27.351719
1 4 48.915449
1 3 24.348787
2 14 16.275322
2 12 49.031425
2 9 13.572169
2 7 6.371203
3 9 22.666363
3 6 30.367409
3 5 38.903588
4 13 45.831965
4 11 7.062198
4 10 34.426850
4 6 8.153592
5 8 24.652904
5 7 24.320663
6 9 2.478465
7 14 26.246628
7 12 14.106029
7 10 29.758829
8 12 9.409153
8 9 5.452238
9 13 47.132515
9 11 38.338895
10 11 12.621387
12 14 1.723728
13 14 6.694174
