16 27 1 18250 594 0
41.914771
20.683467
8.547120
39.047286
48.802068
46.886015
16.547211
11.423455
24.128499
18.270938
19.876807
30.822673
27.056864
14.149548
21.943697
14.988368
0 6 16.575882
0 4 27.572776
0 2 27.126302
1 13 48.092799
1 11 32.997468
3 12 17.207823
3 10 15.501516
3 6 9.121840
3 5 3.122519
4 15 46.463574
4 12 14.554975
4 7 13.348042
4 6 31.281723
5 11 19.506146
5 10 47.374397
5 9 23.326954
6 14 3.824511
6 12 20.045387
6 11 43.061538
7 14 46.064862
8 15 35.055929
8 14 42.414083
8 12 45.711737
10 15 7.973732
10 13 19.204883
10 12 0.758843
11 12 17.448090
