19 44 1 1980 847 0
30.680480
29.778904
49.157049
20.078109
18.100689
11.291786
2.313788
13.474596
40.243601
5.147014
43.851331
30.531831
29.281932
14.150036
4.007595
13.711114
1.339770
27.771759
20.494827
0 14 40.390337
0 12 34.042353
0 6 31.944923
0 3 41.418934
0 2 3.216614
1 18 26.119697
1 17 25.684984
1 7 10.387217
1 6 23.999290
1 5 48.076882
2 18 11.922604
2 16 31.325216
2 13 32.505828
2 10 46.462030
3 18 46.815023
3 14 16.711769
3 13 37.628947
3 9 26.794548
3 6 36.058662
4 18 36.515619
4 10 13.217986
4 7 0.505444
5 18 18.533916
5 12 34.666064
5 10 32.571663
6 17 30.007091
6 15 35.966842
6 13 36.948701
6 10 6.807559
7 18 14.689611
7 9 7.644520
7 8 40.827942
8 17 32.155502
8 15 14.847337
9 18 35.835972
9 11 7.489440
10 16 13.998271
11 18 37.956929
13 16 18.887545
14 18 25.065393
14 16 5.365938
14 15 45.953475
15 18 16.404791
17 18 9.805450
