18 32 1 19862 320 0
26.807200
47.175213
30.715694
41.070232
45.297637
10.066968
36.428774
22.321884
49.964823
49.471489
47.397912
26.272529
37.174380
22.255098
29.936302
7.292235
0.753413
6.950722
0 7 41.042910
0 2 49.703459
1 17 41.617389
1 7 0.094854
2 16 13.292641
2 14 17.719338
2 10 24.546977
2 9 36.816519
3 16 35.596770
3 8 15.329640
4 9 4.436040
4 7 21.497034
5 17 41.566992
5 10 24.089050
5 9 15.963648
5 6 28.454016
6 13 26.695834
7 16 21.251631
7 15 2.269167
7 13 18.929531
7 12 1.919948
8 17 5.203115
9 16 31.175408
11 17 31.729597
11 16 24.133790
11 12 38.797723
12 13 12.353700
13 17 30.403782
13 16 18.966170
13 15 25.423985
15 17 29.335293
15 16 41.936377
