16 27 1 19522 1090 0
17.109110
41.428945
30.402687
23.321460
19.939787
6.923190
25.345092
6.075686
1.002381
33.015170
19.692128
24.812938
47.959726
17.408983
37.890168
42.180027
0 6 8.631513
0 4 21.059501
0 2 11.691381
1 13 8.639174
1 11 23.100990
3 12 12.252979
3 10 0.784561
3 6 10.665635
3 5 9.332782
4 15 41.215131
4 12 47.991512
4 7 35.348254
4 6 49.575392
5 11 23.806831
5 10 22.449365
5 9 39.715145
6 14 30.974924
6 12 20.888344
6 11 13.493996
7 14 44.843802
8 15 37.872974
8 14 35.735650
8 12 25.000617
10 15 6.551206
10 13 37.469608
10 12 13.605967
11 12 14.326559
