18 32 1 1920 407 0
23.570060
19.731397
24.291781
8.114038
38.952063
48.481622
7.675869
39.093602
30.321916
20.200554
31.594067
16.059750
13.575657
22.052122
14.684055
1.456285
16.317488
6.386715
0 7 16.935979
0 2 45.164327
1 17 15.254369
1 7 42.481257
2 16 27.697816
2 14 41.929846
2 10 48.746725
2 9 19.545929
3 16 23.613945
3 8 21.520128
4 9 47.591594
4 7 1.490368
5 17 17.901794
5 10 1.237782
5 9 16.522310
5 6 38.972564
6 13 29.812197
7 16 42.022580
7 15 38.496716
7 13 10.409177
7 12 22.124851
8 17 16.009065
9 16 17.838930
11 17 43.910082
11 16 44.052985
11 12 22.742689
12 13 17.272254
13 17 20.830239
13 16 39.299082
13 15 17.759898
15 17 39.623292
15 16 39.279681
