19 44 1 18208 1216 0
34.802120
22.538631
1.706418
26.855000
49.841325
32.458378
28.591150
10.037779
27.451521
8.937847
43.067582
23.529209
45.550558
13.629798
34.000661
37.886715
13.479312
25.452690
30.867907
0 14 28.630943
0 12 10.772884
0 6 43.508720
0 3 40.798004
0 2 10.734738
1 18 22.491885
1 17 47.490890
1 7 34.905248
1 6 44.871841
1 5 2.937040
2 18 44.815147
2 16 47.977202
2 13 7.425444
2 10 2.345018
3 18 25.086312
3 14 26.180067
3 13 35.124368
3 9 9.267517
3 6 30.244954
4 18 46.738745
4 10 12.754291
4 7 24.178522
5 18 14.261147
5 12 34.591071
5 10 26.447397
6 17 14.042609
6 15 49.402998
6 13 39.606900
6 10 23.626812
7 18 2.140602
7 9 19.749626
7 8 2.430379
8 17 15.273619
8 15 33.507082
9 18 11.763417
9 11 36.498265
10 16 49.476458
11 18 34.762888
13 16 19.760557
14 18 22.870594
14 16 6.882069
14 15 17.470498
15 18 48.933014
17 18 13.113509
