18 32 1 20025 169 0
46.932077
11.311050
37.868537
2.369545
43.744020
31.632701
28.779084
17.516851
0.526608
45.830757
41.802181
47.225875
31.156172
21.392328
34.858474
40.305262
23.236673
10.893390
0 7 2.459500
0 2 48.281643
1 17 9.329840
1 7 2.039456
2 16 40.804116
2 14 26.940270
2 10 12.286280
2 9 37.768617
3 16 26.241892
3 8 31.787518
4 9 49.029489
4 7 0.851733
5 17 29.540000
5 10 12.223998
5 9 22.313167
5 6 25.291865
6 13 24.191655
7 16 29.368570
7 15 0.922881
7 13 17.839579
7 12 35.461618
8 17 18.184565
9 16 18.652197
11 17 47.902716
11 16 37.465819
11 12 49.915065
12 13 12.004360
13 17 27.326978
13 16 32.774702
13 15 5.942835
15 17 25.011646
15 16 29.860535
