19 44 1 19675 440 0
15.172339
26.141445
42.860673
30.156967
37.321648
39.615401
47.814287
4.210307
23.904802
35.616186
15.169811
10.851942
28.664384
38.071984
19.148098
40.959247
40.571894
18.872198
5.909435
0 14 29.451641
0 12 49.626559
0 6 4.532627
0 3 32.437707
0 2 20.692154
1 18 34.481014
1 17 21.794293
1 7 28.854454
1 6 47.944107
1 5 49.765546
2 18 42.374658
2 16 17.324225
2 13 14.046116
2 10 22.374698
3 18 45.968102
3 14 10.914798
3 13 14.995289
3 9 0.001731
3 6 8.338266
4 18 33.290161
4 10 39.061392
4 7 15.024201
5 18 28.393633
5 12 12.806945
5 10 12.348511
6 17 28.492153
6 15 47.954224
6 13 7.949769
6 10 1.212587
7 18 17.005703
7 9 21.571363
7 8 22.600433
8 17 38.461859
8 15 6.094568
9 18 5.041602
9 11 25.830545
10 16 7.155903
11 18 4.958679
13 16 34.733402
14 18 11.887275
14 16 30.338116
14 15 1.805082
15 18 36.195806
17 18 40.292679
