15 34 1 18650 813 0
14.753609
6.793246
25.006347
43.023308
23.353907
33.564865
11.790093
46.802313
28.641300
38.652684
28.063500
8.963413
12.294142
21.866689
18.752479
0 10 20.462726
0 9 15.975015
0 8 6.616461
0 4 22.030033
1 10 4.017579
1 9 12.423686
1 8 3.285907
1 5 42.493027
1 4 11.728511
1 3 12.511532
2 14 22.640181
2 12 16.541911
2 9 24.717698
2 7 47.505993
3 9 17.488737
3 6 2.433590
3 5 11.373324
4 13 19.552189
4 11 15.606339
4 10 46.840513
4 6 45.278036
5 8 2.298729
5 7 6.239101
6 9 36.069128
7 14 44.078030
7 12 22.719430
7 10 44.657057
8 12 36.160703
8 9 44.455937
9 13 3.055866
9 11 3.039379
10 11 49.896137
12 14 23.898061
13 14 32.402488
